    0.0000000e+00 0.0000000e+00 0.0000000e+00 0.0000000e+00 0.0000000e+00
    0.0000000e+00 0.0000000e+00 0.0000000e+00 0.0000000e+00 0.0000000e+00
    0.0000000e+00 0.0000000e+00 0.0000000e+00 0.0000000e+00 0.0000000e+00
    0.0000000e+00 0.0000000e+00 0.0000000e+00 3.4317277e+00 5.0760348e+00
    5.9068111e+00 6.4605646e+00 7.0203816e+00 7.3982050e+00 7.6550148e+00
    7.3828590e+00 7.3526253e+00 6.9013613e+00 6.3211528e+00 5.5504136e+00
    4.3406276e+00 0.0000000e+00 0.0000000e+00 0.0000000e+00 0.0000000e+00
    0.0000000e+00 0.0000000e+00 0.0000000e+00 0.0000000e+00 0.0000000e+00
    0.0000000e+00 0.0000000e+00 0.0000000e+00 0.0000000e+00 0.0000000e+00
    0.0000000e+00 0.0000000e+00 0.0000000e+00 0.0000000e+00 0.0000000e+00
    0.0000000e+00 0.0000000e+00 0.0000000e+00 0.0000000e+00 0.0000000e+00
    0.0000000e+00 0.0000000e+00 0.0000000e+00 0.0000000e+00 0.0000000e+00
    0.0000000e+00 0.0000000e+00 0.0000000e+00 0.0000000e+00 0.0000000e+00
    3.6270613e+00 5.5712347e+00 6.8484032e+00 7.7045311e+00 8.5805968e+00
    9.3113872e+00 9.7747336e+00 1.0155472e+01 1.0395346e+01 1.0469555e+01
    1.0332063e+01 1.0225579e+01 1.0085702e+01 9.4488056e+00 9.0983724e+00
    8.3921263e+00 7.3182586e+00 6.0531057e+00 4.3110253e+00 0.0000000e+00
    0.0000000e+00 0.0000000e+00 0.0000000e+00 0.0000000e+00 0.0000000e+00
    0.0000000e+00 0.0000000e+00 0.0000000e+00 0.0000000e+00 0.0000000e+00
    0.0000000e+00 0.0000000e+00 0.0000000e+00 0.0000000e+00 0.0000000e+00
    0.0000000e+00 0.0000000e+00 0.0000000e+00 0.0000000e+00 0.0000000e+00
    0.0000000e+00 0.0000000e+00 0.0000000e+00 0.0000000e+00 0.0000000e+00
    0.0000000e+00 0.0000000e+00 0.0000000e+00 4.3344184e+00 6.1782244e+00
    7.4421746e+00 8.5286561e+00 9.5557379e+00 1.0426054e+01 1.1136201e+01
    1.1607611e+01 1.2074937e+01 1.2412788e+01 1.2610571e+01 1.2636707e+01
    1.2454206e+01 1.2238205e+01 1.2192550e+01 1.1499364e+01 1.1273222e+01
    1.0844718e+01 1.0148515e+01 9.3480034e+00 8.3543113e+00 6.8984265e+00
    4.7953243e+00 0.0000000e+00 0.0000000e+00 0.0000000e+00 0.0000000e+00
    0.0000000e+00 0.0000000e+00 0.0000000e+00 0.0000000e+00 0.0000000e+00
    0.0000000e+00 0.0000000e+00 0.0000000e+00 0.0000000e+00 0.0000000e+00
    0.0000000e+00 0.0000000e+00 0.0000000e+00 0.0000000e+00 0.0000000e+00
    0.0000000e+00 0.0000000e+00 0.0000000e+00 0.0000000e+00 0.0000000e+00
    0.0000000e+00 3.4390137e+00 5.8791058e+00 7.6959598e+00 8.8451011e+00
    1.0001165e+01 1.0797066e+01 1.1558935e+01 1.2296784e+01 1.2843887e+01
    1.3408833e+01 1.3845336e+01 1.4020532e+01 1.4167189e+01 1.4159670e+01
    1.3804369e+01 1.3896745e+01 1.3903356e+01 1.3579546e+01 1.3179814e+01
    1.2638003e+01 1.2016232e+01 1.1619476e+01 1.0804961e+01 9.8626157e+00
    8.5559471e+00 6.8182143e+00 4.2982484e+00 0.0000000e+00 0.0000000e+00
    0.0000000e+00 0.0000000e+00 0.0000000e+00 0.0000000e+00 0.0000000e+00
    0.0000000e+00 0.0000000e+00 0.0000000e+00 0.0000000e+00 0.0000000e+00
    0.0000000e+00 0.0000000e+00 0.0000000e+00 0.0000000e+00 0.0000000e+00
    0.0000000e+00 0.0000000e+00 0.0000000e+00 0.0000000e+00 0.0000000e+00
    5.1310583e+00 7.2957554e+00 8.7138490e+00 1.0141273e+01 1.1096529e+01
    1.1873330e+01 1.2655512e+01 1.3242302e+01 1.3913898e+01 1.4366251e+01
    1.4797765e+01 1.5090800e+01 1.5566662e+01 1.5828986e+01 1.5865517e+01
    1.5764403e+01 1.5525078e+01 1.5199751e+01 1.4766300e+01 1.4617769e+01
    1.4327543e+01 1.3853887e+01 1.3192599e+01 1.2507197e+01 1.1367310e+01
    1.0221488e+01 9.0659639e+00 7.9312556e+00 5.7858669e+00 0.0000000e+00
    0.0000000e+00 0.0000000e+00 0.0000000e+00 0.0000000e+00 0.0000000e+00
    0.0000000e+00 0.0000000e+00 0.0000000e+00 0.0000000e+00 0.0000000e+00
    0.0000000e+00 0.0000000e+00 0.0000000e+00 0.0000000e+00 0.0000000e+00
    0.0000000e+00 0.0000000e+00 0.0000000e+00 2.9070472e+00 6.2516730e+00
    8.1005560e+00 9.5437090e+00 1.0784398e+01 1.1879041e+01 1.2582620e+01
    1.3318596e+01 1.4018547e+01 1.4720561e+01 1.5222122e+01 1.5593522e+01
    1.6047018e+01 1.6445115e+01 1.6625453e+01 1.6818382e+01 1.7010606e+01
    1.6901074e+01 1.6723210e+01 1.6561958e+01 1.6155001e+01 1.6006407e+01
    1.5650014e+01 1.5217479e+01 1.4480372e+01 1.3796552e+01 1.2938546e+01
    1.2008729e+01 1.1132730e+01 1.0087906e+01 8.5511691e+00 6.2720049e+00
    2.4728343e+00 0.0000000e+00 0.0000000e+00 0.0000000e+00 0.0000000e+00
    0.0000000e+00 0.0000000e+00 0.0000000e+00 0.0000000e+00 0.0000000e+00
    0.0000000e+00 0.0000000e+00 0.0000000e+00 0.0000000e+00 0.0000000e+00
    0.0000000e+00 0.0000000e+00 3.2720401e+00 6.7826281e+00 8.8628550e+00
    1.0360525e+01 1.1380767e+01 1.2401672e+01 1.3282359e+01 1.3963707e+01
    1.4661344e+01 1.5441229e+01 1.6182835e+01 1.6637913e+01 1.6928956e+01
    1.7177098e+01 1.7327722e+01 1.7707099e+01 1.7933951e+01 1.8064915e+01
    1.8045638e+01 1.7980625e+01 1.7829778e+01 1.7438284e+01 1.6877472e+01
    1.6610981e+01 1.6171881e+01 1.5788191e+01 1.5198630e+01 1.4650124e+01
    1.3768052e+01 1.2780039e+01 1.1989130e+01 1.0630266e+01 8.9079933e+00
    6.5141529e+00 3.0577640e+00 0.0000000e+00 0.0000000e+00 0.0000000e+00
    0.0000000e+00 0.0000000e+00 0.0000000e+00 0.0000000e+00 0.0000000e+00
    0.0000000e+00 0.0000000e+00 0.0000000e+00 0.0000000e+00 0.0000000e+00
    0.0000000e+00 3.2516894e+00 6.7337958e+00 8.9524994e+00 1.0474336e+01
    1.1728583e+01 1.2805125e+01 1.3633821e+01 1.4477431e+01 1.5101019e+01
    1.5898121e+01 1.6694530e+01 1.7101779e+01 1.7481446e+01 1.7748754e+01
    1.8160568e+01 1.8489852e+01 1.8762203e+01 1.9029721e+01 1.9043031e+01
    1.8867374e+01 1.8915125e+01 1.8806565e+01 1.8652401e+01 1.8481672e+01
    1.8065055e+01 1.7564466e+01 1.7098346e+01 1.6481875e+01 1.5521967e+01
    1.4960528e+01 1.4252751e+01 1.3417357e+01 1.2033669e+01 1.0395022e+01
    8.6165971e+00 6.2655542e+00 2.8584763e+00 0.0000000e+00 0.0000000e+00
    0.0000000e+00 0.0000000e+00 0.0000000e+00 0.0000000e+00 0.0000000e+00
    0.0000000e+00 0.0000000e+00 0.0000000e+00 0.0000000e+00 0.0000000e+00
    2.5007556e+00 6.3346600e+00 8.7840799e+00 1.0582882e+01 1.2179782e+01
    1.3243626e+01 1.4181863e+01 1.4837454e+01 1.5571522e+01 1.6209756e+01
    1.6876787e+01 1.7462036e+01 1.8022786e+01 1.8570880e+01 1.8753588e+01
    1.8933212e+01 1.9346025e+01 1.9373121e+01 1.9671461e+01 1.9832419e+01
    1.9787245e+01 1.9700232e+01 1.9608392e+01 1.9308948e+01 1.9102469e+01
    1.8871169e+01 1.8409141e+01 1.7975659e+01 1.7592047e+01 1.6902289e+01
    1.6137462e+01 1.5281989e+01 1.4516897e+01 1.3250202e+01 1.1964935e+01
    1.0448707e+01 8.7157738e+00 6.4796386e+00 2.3245457e+00 0.0000000e+00
    0.0000000e+00 0.0000000e+00 0.0000000e+00 0.0000000e+00 0.0000000e+00
    0.0000000e+00 0.0000000e+00 0.0000000e+00 0.0000000e+00 0.0000000e+00
    5.9872063e+00 8.3152378e+00 1.0180905e+01 1.1988872e+01 1.3315154e+01
    1.4366114e+01 1.5138265e+01 1.5951695e+01 1.6859824e+01 1.7331415e+01
    1.7828786e+01 1.8442261e+01 1.8855678e+01 1.9232172e+01 1.9402621e+01
    1.9973917e+01 2.0154662e+01 2.0130326e+01 2.0508589e+01 2.0601434e+01
    2.0354593e+01 2.0202649e+01 2.0325691e+01 2.0066722e+01 1.9807064e+01
    1.9617342e+01 1.9393303e+01 1.8971872e+01 1.8330102e+01 1.7724319e+01
    1.6974542e+01 1.6270439e+01 1.5536243e+01 1.4535218e+01 1.3234120e+01
    1.1983579e+01 1.0442396e+01 8.6076617e+00 5.6823420e+00 0.0000000e+00
    0.0000000e+00 0.0000000e+00 0.0000000e+00 0.0000000e+00 0.0000000e+00
    0.0000000e+00 0.0000000e+00 0.0000000e+00 0.0000000e+00 4.9388231e+00
    7.8803844e+00 1.0084992e+01 1.1732523e+01 1.3030315e+01 1.4195459e+01
    1.5210755e+01 1.6085896e+01 1.6832534e+01 1.7538296e+01 1.7947273e+01
    1.8314971e+01 1.8975103e+01 1.9544871e+01 2.0068647e+01 2.0236990e+01
    2.0554539e+01 2.0900274e+01 2.0792812e+01 2.0994446e+01 2.0925108e+01
    2.1104531e+01 2.1154076e+01 2.1043210e+01 2.0847969e+01 2.0700929e+01
    2.0162653e+01 1.9953164e+01 1.9782497e+01 1.9137839e+01 1.8458850e+01
    1.7866051e+01 1.7177849e+01 1.6491937e+01 1.5463072e+01 1.4447279e+01
    1.3163593e+01 1.1754877e+01 1.0105029e+01 7.9898183e+00 4.9192775e+00
    0.0000000e+00 0.0000000e+00 0.0000000e+00 0.0000000e+00 0.0000000e+00
    0.0000000e+00 0.0000000e+00 0.0000000e+00 3.3713863e+00 7.1783512e+00
    9.5001887e+00 1.1264570e+01 1.2659868e+01 1.4065627e+01 1.5138238e+01
    1.5943781e+01 1.6735256e+01 1.7576042e+01 1.8227918e+01 1.8643962e+01
    1.9172081e+01 1.9835926e+01 2.0314074e+01 2.0615607e+01 2.0840994e+01
    2.1042295e+01 2.1348354e+01 2.1550675e+01 2.1820887e+01 2.1799994e+01
    2.1710012e+01 2.1746162e+01 2.1702282e+01 2.1462487e+01 2.1067481e+01
    2.0779185e+01 2.0546150e+01 2.0348800e+01 1.9935476e+01 1.9117673e+01
    1.8360103e+01 1.7715310e+01 1.7208756e+01 1.6319200e+01 1.5299598e+01
    1.4169758e+01 1.2917864e+01 1.1530818e+01 9.5627020e+00 7.0663084e+00
    3.3631325e+00 0.0000000e+00 0.0000000e+00 0.0000000e+00 0.0000000e+00
    0.0000000e+00 0.0000000e+00 0.0000000e+00 5.6256622e+00 8.5431399e+00
    1.0680339e+01 1.2093971e+01 1.3579339e+01 1.4823832e+01 1.5610108e+01
    1.6486034e+01 1.7350283e+01 1.8070891e+01 1.8704402e+01 1.9245614e+01
    1.9762717e+01 2.0482203e+01 2.1092727e+01 2.1477979e+01 2.1642232e+01
    2.1940868e+01 2.2157875e+01 2.2356184e+01 2.2512458e+01 2.2392580e+01
    2.2401039e+01 2.2465213e+01 2.2581934e+01 2.2208142e+01 2.1758905e+01
    2.1322231e+01 2.1155057e+01 2.0605183e+01 2.0356554e+01 1.9918660e+01
    1.9248433e+01 1.8715418e+01 1.8017869e+01 1.7296208e+01 1.6129665e+01
    1.4898777e+01 1.3855725e+01 1.2503561e+01 1.0678644e+01 8.5061965e+00
    5.7120174e+00 0.0000000e+00 0.0000000e+00 0.0000000e+00 0.0000000e+00
    0.0000000e+00 0.0000000e+00 3.9184225e+00 7.4237393e+00 9.7064746e+00
    1.1472861e+01 1.3087412e+01 1.4506440e+01 1.5550231e+01 1.6302664e+01
    1.7270646e+01 1.8090195e+01 1.8612274e+01 1.9345791e+01 1.9820744e+01
    2.0308292e+01 2.0833211e+01 2.1590359e+01 2.2033837e+01 2.2139154e+01
    2.2420310e+01 2.2698571e+01 2.2799481e+01 2.2894868e+01 2.3085143e+01
    2.2991454e+01 2.3025327e+01 2.2901163e+01 2.2637479e+01 2.2348229e+01
    2.1813107e+01 2.1578686e+01 2.1309019e+01 2.0988634e+01 2.0566853e+01
    1.9903057e+01 1.9376607e+01 1.8717435e+01 1.7875975e+01 1.6913758e+01
    1.5680409e+01 1.4559715e+01 1.3278478e+01 1.1512613e+01 9.5946113e+00
    7.3256776e+00 3.8013247e+00 0.0000000e+00 0.0000000e+00 0.0000000e+00
    0.0000000e+00 0.0000000e+00 5.8456637e+00 8.7408440e+00 1.0782506e+01
    1.2440026e+01 1.3838939e+01 1.5102657e+01 1.6249129e+01 1.7106565e+01
    1.7899445e+01 1.8631210e+01 1.9314416e+01 1.9905330e+01 2.0495084e+01
    2.0709976e+01 2.1408994e+01 2.2134631e+01 2.2645275e+01 2.2722600e+01
    2.2751568e+01 2.2922144e+01 2.3123387e+01 2.3323323e+01 2.3478241e+01
    2.3376395e+01 2.3289031e+01 2.3170111e+01 2.3002945e+01 2.2903158e+01
    2.2549043e+01 2.2161900e+01 2.1754938e+01 2.1253888e+01 2.0697579e+01
    2.0107078e+01 1.9923317e+01 1.9396545e+01 1.8472571e+01 1.7558700e+01
    1.6404105e+01 1.5171799e+01 1.3703437e+01 1.2348637e+01 1.0669800e+01
    8.6931154e+00 5.9433585e+00 0.0000000e+00 0.0000000e+00 0.0000000e+00
    0.0000000e+00 3.5642830e+00 7.4925922e+00 9.7131764e+00 1.1729212e+01
    1.3125297e+01 1.4368592e+01 1.5623578e+01 1.7019415e+01 1.7818750e+01
    1.8569104e+01 1.9369909e+01 1.9882485e+01 2.0452139e+01 2.0822135e+01
    2.1312140e+01 2.1850505e+01 2.2533015e+01 2.3003191e+01 2.3181835e+01
    2.3326581e+01 2.3334975e+01 2.3495269e+01 2.3732437e+01 2.3710486e+01
    2.3582811e+01 2.3544314e+01 2.3306755e+01 2.3272643e+01 2.3197059e+01
    2.2863828e+01 2.2387633e+01 2.2129835e+01 2.1782071e+01 2.1323162e+01
    2.0869692e+01 2.0370721e+01 1.9642613e+01 1.8801722e+01 1.7903135e+01
    1.6908253e+01 1.5758382e+01 1.4572168e+01 1.3134409e+01 1.1593308e+01
    9.7992865e+00 7.3384513e+00 3.5427643e+00 0.0000000e+00 0.0000000e+00
    0.0000000e+00 5.2028463e+00 8.2702949e+00 1.0489542e+01 1.2358820e+01
    1.3815918e+01 1.5134848e+01 1.6310086e+01 1.7434250e+01 1.8295254e+01
    1.8996978e+01 1.9763755e+01 2.0395611e+01 2.0934952e+01 2.1191896e+01
    2.1724169e+01 2.2249069e+01 2.2778313e+01 2.3156459e+01 2.3306443e+01
    2.3753026e+01 2.3886348e+01 2.3948257e+01 2.4092471e+01 2.4108511e+01
    2.4145434e+01 2.3922315e+01 2.3700776e+01 2.3487314e+01 2.3494663e+01
    2.3226463e+01 2.2839067e+01 2.2536675e+01 2.2019883e+01 2.1598638e+01
    2.1127392e+01 2.0717341e+01 1.9993103e+01 1.9338518e+01 1.8457964e+01
    1.7361908e+01 1.6290288e+01 1.5045822e+01 1.3642442e+01 1.2163493e+01
    1.0612488e+01 8.5192264e+00 5.2128474e+00 0.0000000e+00 0.0000000e+00
    0.0000000e+00 6.5829243e+00 9.1073783e+00 1.1126488e+01 1.2894842e+01
    1.4355522e+01 1.5790625e+01 1.6917844e+01 1.7922245e+01 1.8672932e+01
    1.9347403e+01 2.0087425e+01 2.0711282e+01 2.1283396e+01 2.1825108e+01
    2.2140879e+01 2.2638909e+01 2.3120648e+01 2.3343581e+01 2.3512368e+01
    2.3800378e+01 2.4055986e+01 2.4189951e+01 2.4214983e+01 2.4048114e+01
    2.4252633e+01 2.4268130e+01 2.4171420e+01 2.3957361e+01 2.3747901e+01
    2.3395837e+01 2.3201768e+01 2.3040633e+01 2.2606637e+01 2.2080765e+01
    2.1651397e+01 2.1208168e+01 2.0408748e+01 1.9637584e+01 1.8792683e+01
    1.7924951e+01 1.6850755e+01 1.5504784e+01 1.4334574e+01 1.2852416e+01
    1.1093902e+01 9.1029941e+00 6.5810411e+00 0.0000000e+00 0.0000000e+00
    3.2259425e+00 7.3207913e+00 9.6213771e+00 1.1830741e+01 1.3534073e+01
    1.5049132e+01 1.6387474e+01 1.7484914e+01 1.8145632e+01 1.8786618e+01
    1.9578962e+01 2.0483327e+01 2.1004887e+01 2.1715612e+01 2.2145653e+01
    2.2459856e+01 2.2898729e+01 2.3370763e+01 2.3754829e+01 2.3764023e+01
    2.4002444e+01 2.4272734e+01 2.4442749e+01 2.4427037e+01 2.4410115e+01
    2.4475851e+01 2.4340030e+01 2.4242622e+01 2.4011423e+01 2.3947956e+01
    2.3675597e+01 2.3468145e+01 2.3289761e+01 2.3024734e+01 2.2463559e+01
    2.1674367e+01 2.1432646e+01 2.0715643e+01 1.9813865e+01 1.9130803e+01
    1.8362668e+01 1.7236887e+01 1.5970678e+01 1.4792347e+01 1.3502179e+01
    1.1768727e+01 9.9568176e+00 7.4887053e+00 3.2962613e+00 0.0000000e+00
    4.5763338e+00 8.0450521e+00 1.0068096e+01 1.1985910e+01 1.3784362e+01
    1.5301781e+01 1.6598740e+01 1.7574379e+01 1.8446064e+01 1.9213731e+01
    1.9894874e+01 2.0801986e+01 2.1470161e+01 2.2052059e+01 2.2256426e+01
    2.2353730e+01 2.2780720e+01 2.3311558e+01 2.3729114e+01 2.4164600e+01
    2.4286168e+01 2.4476511e+01 2.4664204e+01 2.4597884e+01 2.4853431e+01
    2.4794885e+01 2.4630642e+01 2.4435265e+01 2.4302712e+01 2.4225304e+01
    2.3914280e+01 2.3590460e+01 2.3522139e+01 2.3292806e+01 2.2616181e+01
    2.1989625e+01 2.1428340e+01 2.0885690e+01 2.0256620e+01 1.9612038e+01
    1.8930044e+01 1.7692413e+01 1.6522454e+01 1.5284280e+01 1.3757009e+01
    1.2242671e+01 1.0305984e+01 8.0668573e+00 4.5010464e+00 0.0000000e+00
    5.4205496e+00 8.4054474e+00 1.0593270e+01 1.2432146e+01 1.3964659e+01
    1.5344284e+01 1.6616374e+01 1.8016384e+01 1.8704465e+01 1.9234876e+01
    2.0106549e+01 2.0948023e+01 2.1479117e+01 2.2086634e+01 2.2386181e+01
    2.2915214e+01 2.3121746e+01 2.3725538e+01 2.3879492e+01 2.4005571e+01
    2.4260801e+01 2.4437758e+01 2.4801888e+01 2.4854718e+01 2.4866647e+01
    2.4914177e+01 2.4718867e+01 2.4913020e+01 2.4533967e+01 2.4390778e+01
    2.4337219e+01 2.4234151e+01 2.3869322e+01 2.3425526e+01 2.2949334e+01
    2.2206563e+01 2.1651071e+01 2.1107142e+01 2.0439635e+01 1.9841455e+01
    1.8889366e+01 1.7962307e+01 1.6894059e+01 1.5540690e+01 1.4090947e+01
    1.2710581e+01 1.0936534e+01 8.3818585e+00 5.1989860e+00 0.0000000e+00
    6.0697710e+00 8.9930735e+00 1.0961772e+01 1.2856985e+01 1.4359348e+01
    1.5553895e+01 1.6702342e+01 1.7963325e+01 1.9042965e+01 1.9756204e+01
    2.0413644e+01 2.1199482e+01 2.1631659e+01 2.2122119e+01 2.2597624e+01
    2.2962074e+01 2.3270628e+01 2.3659141e+01 2.3954255e+01 2.4323246e+01
    2.4524487e+01 2.4866365e+01 2.5076870e+01 2.4968818e+01 2.5027581e+01
    2.5044210e+01 2.4898482e+01 2.4856844e+01 2.4635682e+01 2.4559646e+01
    2.4329479e+01 2.4100717e+01 2.3779303e+01 2.3432751e+01 2.2970688e+01
    2.2399569e+01 2.1955591e+01 2.1185849e+01 2.0631778e+01 1.9989944e+01
    1.9086193e+01 1.8243443e+01 1.7081672e+01 1.5894357e+01 1.4582254e+01
    1.3075065e+01 1.1148248e+01 8.9563624e+00 5.7986822e+00 0.0000000e+00
    6.4587753e+00 9.2808440e+00 1.1159421e+01 1.3154172e+01 1.4643089e+01
    1.5772158e+01 1.6868427e+01 1.8021134e+01 1.9000673e+01 1.9797045e+01
    2.0595625e+01 2.1149124e+01 2.1807342e+01 2.2337011e+01 2.2540533e+01
    2.2888894e+01 2.3508198e+01 2.3938486e+01 2.4112334e+01 2.4308088e+01
    2.4513164e+01 2.4644447e+01 2.4837573e+01 2.4962643e+01 2.4893138e+01
    2.4943342e+01 2.5014911e+01 2.5009249e+01 2.4833327e+01 2.4715525e+01
    2.4397103e+01 2.4109018e+01 2.3767214e+01 2.3402761e+01 2.2956123e+01
    2.2521515e+01 2.2168421e+01 2.1581681e+01 2.0933263e+01 2.0172314e+01
    1.9339499e+01 1.8404380e+01 1.7203537e+01 1.5826047e+01 1.4582955e+01
    1.3099029e+01 1.1373236e+01 9.1950822e+00 6.3810765e+00 0.0000000e+00
    6.7392766e+00 9.4505485e+00 1.1522067e+01 1.3354487e+01 1.4895977e+01
    1.6130415e+01 1.7069604e+01 1.8133352e+01 1.9067215e+01 1.9815140e+01
    2.0618970e+01 2.1292467e+01 2.1880522e+01 2.2362439e+01 2.2630120e+01
    2.3127198e+01 2.3353424e+01 2.4003812e+01 2.4216459e+01 2.4447464e+01
    2.4743980e+01 2.4927047e+01 2.5115426e+01 2.5173535e+01 2.5090162e+01
    2.4944762e+01 2.5036840e+01 2.5008288e+01 2.4872479e+01 2.4655986e+01
    2.4371262e+01 2.4121001e+01 2.3718894e+01 2.3239080e+01 2.2930901e+01
    2.2556750e+01 2.2245338e+01 2.1762001e+01 2.0999666e+01 2.0175028e+01
    1.9225180e+01 1.8380765e+01 1.7270252e+01 1.6164960e+01 1.4743209e+01
    1.3277541e+01 1.1397977e+01 9.3294457e+00 6.4578782e+00 0.0000000e+00
    6.7410029e+00 9.4965432e+00 1.1591433e+01 1.3631919e+01 1.4892264e+01
    1.6183178e+01 1.7405592e+01 1.8217396e+01 1.8969142e+01 1.9884232e+01
    2.0707228e+01 2.1422491e+01 2.1839271e+01 2.2332499e+01 2.2702978e+01
    2.3115106e+01 2.3396167e+01 2.4105873e+01 2.4414293e+01 2.4509859e+01
    2.4608797e+01 2.4805061e+01 2.5075986e+01 2.5195397e+01 2.5150534e+01
    2.5100338e+01 2.4976948e+01 2.4825497e+01 2.4809217e+01 2.4761973e+01
    2.4296591e+01 2.3951575e+01 2.3751617e+01 2.3409846e+01 2.3135558e+01
    2.2635410e+01 2.2338952e+01 2.1687122e+01 2.0970392e+01 2.0249386e+01
    1.9402997e+01 1.8385446e+01 1.7439636e+01 1.6144309e+01 1.4879659e+01
    1.3352733e+01 1.1400344e+01 9.3071716e+00 6.5209825e+00 0.0000000e+00
    6.6592997e+00 9.3748850e+00 1.1462419e+01 1.3460659e+01 1.4966999e+01
    1.6158644e+01 1.7267895e+01 1.8105588e+01 1.9084362e+01 1.9851044e+01
    2.0631345e+01 2.1385123e+01 2.1916256e+01 2.2428018e+01 2.2759875e+01
    2.3303994e+01 2.3670046e+01 2.4078321e+01 2.4366212e+01 2.4656753e+01
    2.4804330e+01 2.4781410e+01 2.5016267e+01 2.5280476e+01 2.5256911e+01
    2.5225828e+01 2.4980158e+01 2.4737259e+01 2.4569515e+01 2.4488951e+01
    2.4279141e+01 2.3874592e+01 2.3522287e+01 2.3150100e+01 2.2881057e+01
    2.2467079e+01 2.2102801e+01 2.1334263e+01 2.0948046e+01 2.0174931e+01
    1.9418441e+01 1.8384397e+01 1.7270254e+01 1.6128896e+01 1.4708288e+01
    1.3294750e+01 1.1580379e+01 9.1457535e+00 6.4024978e+00 0.0000000e+00
    6.3101979e+00 9.2234729e+00 1.1294076e+01 1.3205504e+01 1.4819098e+01
    1.6093889e+01 1.7167797e+01 1.8057176e+01 1.8993425e+01 1.9930035e+01
    2.0794713e+01 2.1372881e+01 2.1849565e+01 2.2496473e+01 2.2976065e+01
    2.3551087e+01 2.3854828e+01 2.4156943e+01 2.4307636e+01 2.4458169e+01
    2.4780352e+01 2.4926569e+01 2.5273743e+01 2.5297993e+01 2.5138442e+01
    2.5194011e+01 2.5042932e+01 2.4759070e+01 2.4533073e+01 2.4446267e+01
    2.4238906e+01 2.3938322e+01 2.3343664e+01 2.2937576e+01 2.2520263e+01
    2.2001454e+01 2.1714239e+01 2.1226361e+01 2.0636236e+01 1.9775567e+01
    1.9048469e+01 1.8168430e+01 1.7056965e+01 1.5783237e+01 1.4548366e+01
    1.3306156e+01 1.1506036e+01 9.3646715e+00 6.3318658e+00 0.0000000e+00
    6.2195625e+00 9.1294488e+00 1.1187123e+01 1.2940456e+01 1.4643895e+01
    1.6026221e+01 1.7169886e+01 1.8116937e+01 1.8966230e+01 1.9866458e+01
    2.0677804e+01 2.1391072e+01 2.2002442e+01 2.2519065e+01 2.2911954e+01
    2.3298224e+01 2.3439079e+01 2.3905358e+01 2.4134513e+01 2.4504591e+01
    2.4685073e+01 2.4889765e+01 2.5141567e+01 2.4996281e+01 2.4752518e+01
    2.4885089e+01 2.4730644e+01 2.4525593e+01 2.4291613e+01 2.4293614e+01
    2.4087341e+01 2.3708134e+01 2.3302607e+01 2.2879286e+01 2.2459156e+01
    2.2050306e+01 2.1843430e+01 2.1159941e+01 2.0460396e+01 1.9725979e+01
    1.8780866e+01 1.7808247e+01 1.6914930e+01 1.5732312e+01 1.4313927e+01
    1.3112221e+01 1.1248833e+01 9.0801214e+00 6.1213526e+00 0.0000000e+00
    5.4791823e+00 8.6334404e+00 1.0984655e+01 1.2756191e+01 1.4494287e+01
    1.5720854e+01 1.6828764e+01 1.7868153e+01 1.8807961e+01 1.9815462e+01
    2.0618450e+01 2.1332107e+01 2.1894844e+01 2.2306767e+01 2.2729171e+01
    2.3143604e+01 2.3529134e+01 2.3887719e+01 2.4134691e+01 2.4416298e+01
    2.4609930e+01 2.4694363e+01 2.4803201e+01 2.4868018e+01 2.4757141e+01
    2.4632039e+01 2.4582629e+01 2.4294885e+01 2.4015617e+01 2.3941309e+01
    2.3668517e+01 2.3451015e+01 2.2972374e+01 2.2472946e+01 2.2340469e+01
    2.1885978e+01 2.1785639e+01 2.1080719e+01 2.0416567e+01 1.9666502e+01
    1.8718262e+01 1.7638489e+01 1.6700162e+01 1.5516388e+01 1.3993412e+01
    1.2673529e+01 1.0941810e+01 8.8408952e+00 5.5551176e+00 0.0000000e+00
    4.4362493e+00 7.9711979e+00 1.0534199e+01 1.2490498e+01 1.3948110e+01
    1.5536685e+01 1.6770213e+01 1.7673430e+01 1.8554331e+01 1.9362246e+01
    2.0230859e+01 2.0942704e+01 2.1763163e+01 2.2186768e+01 2.2465223e+01
    2.2864710e+01 2.3342156e+01 2.3796456e+01 2.4172848e+01 2.4420598e+01
    2.4597511e+01 2.4581865e+01 2.4592178e+01 2.4600358e+01 2.4442506e+01
    2.4587504e+01 2.4439136e+01 2.4242267e+01 2.3907282e+01 2.3851457e+01
    2.3778969e+01 2.3489067e+01 2.3190068e+01 2.2445264e+01 2.2190443e+01
    2.1815100e+01 2.1294525e+01 2.0706243e+01 1.9979462e+01 1.9357885e+01
    1.8505939e+01 1.7408625e+01 1.6479395e+01 1.5175085e+01 1.3473659e+01
    1.1973795e+01 1.0359980e+01 8.1481542e+00 4.7809043e+00 0.0000000e+00
    3.1645441e+00 7.2646779e+00 9.8701144e+00 1.1727180e+01 1.3440281e+01
    1.4866441e+01 1.6094265e+01 1.7142714e+01 1.8179081e+01 1.9288019e+01
    2.0041633e+01 2.0794102e+01 2.1382412e+01 2.1894262e+01 2.2406086e+01
    2.2868546e+01 2.3107817e+01 2.3620738e+01 2.4002572e+01 2.4301826e+01
    2.4319621e+01 2.4209448e+01 2.4377063e+01 2.4523290e+01 2.4432977e+01
    2.4394861e+01 2.4274790e+01 2.3984109e+01 2.3638653e+01 2.3460451e+01
    2.3343951e+01 2.3178780e+01 2.2897270e+01 2.2341577e+01 2.1784421e+01
    2.1296382e+01 2.0825139e+01 2.0183708e+01 1.9725609e+01 1.9248712e+01
    1.8359833e+01 1.7303131e+01 1.6144487e+01 1.4940992e+01 1.3263664e+01
    1.1772251e+01 9.8595845e+00 7.5695659e+00 3.5204399e+00 0.0000000e+00
    0.0000000e+00 6.1685778e+00 9.1232908e+00 1.1238641e+01 1.2913484e+01
    1.4291933e+01 1.5567098e+01 1.6808944e+01 1.8016855e+01 1.9087796e+01
    1.9875136e+01 2.0438595e+01 2.1012065e+01 2.1589111e+01 2.2076090e+01
    2.2659436e+01 2.3064503e+01 2.3482048e+01 2.3793629e+01 2.4019035e+01
    2.4073890e+01 2.4000810e+01 2.4071321e+01 2.4200630e+01 2.4001064e+01
    2.4039414e+01 2.3915166e+01 2.3676690e+01 2.3683407e+01 2.3467038e+01
    2.3091383e+01 2.2918284e+01 2.2596992e+01 2.2208169e+01 2.1711015e+01
    2.1157884e+01 2.0737407e+01 2.0008951e+01 1.9288020e+01 1.8525297e+01
    1.7848192e+01 1.6773028e+01 1.5809541e+01 1.4405865e+01 1.2738820e+01
    1.1132171e+01 9.1687631e+00 6.4642289e+00 0.0000000e+00 0.0000000e+00
    0.0000000e+00 5.1907721e+00 8.3885547e+00 1.0692009e+01 1.2487705e+01
    1.3863260e+01 1.5055626e+01 1.6259674e+01 1.7495212e+01 1.8546034e+01
    1.9279028e+01 1.9960771e+01 2.0641353e+01 2.1118304e+01 2.1658758e+01
    2.2200985e+01 2.2563516e+01 2.2993190e+01 2.3306935e+01 2.3504327e+01
    2.3610561e+01 2.3453886e+01 2.3612617e+01 2.3769244e+01 2.3810530e+01
    2.3857478e+01 2.3667405e+01 2.3428454e+01 2.3129959e+01 2.3009415e+01
    2.2802673e+01 2.2485934e+01 2.2131498e+01 2.1785385e+01 2.1379983e+01
    2.0932803e+01 2.0327354e+01 1.9864795e+01 1.9073253e+01 1.8247936e+01
    1.7412259e+01 1.6473890e+01 1.5436734e+01 1.3925094e+01 1.2261823e+01
    1.0564169e+01 8.3876311e+00 5.1992382e+00 0.0000000e+00 0.0000000e+00
    0.0000000e+00 3.3108368e+00 7.3967038e+00 9.8858715e+00 1.1872206e+01
    1.3467587e+01 1.4812949e+01 1.5828469e+01 1.6906885e+01 1.7864449e+01
    1.8763915e+01 1.9547750e+01 2.0194443e+01 2.0816453e+01 2.1044837e+01
    2.1530105e+01 2.2034372e+01 2.2555035e+01 2.3037820e+01 2.3446097e+01
    2.3545762e+01 2.3410448e+01 2.3435069e+01 2.3330434e+01 2.3257088e+01
    2.3423142e+01 2.3323905e+01 2.3142235e+01 2.2985900e+01 2.2771888e+01
    2.2329957e+01 2.2016359e+01 2.1598358e+01 2.1142933e+01 2.0762845e+01
    2.0260626e+01 1.9876776e+01 1.9236336e+01 1.8555628e+01 1.7927079e+01
    1.6964526e+01 1.6105115e+01 1.4872633e+01 1.3376594e+01 1.1727003e+01
    9.9056737e+00 7.5086315e+00 3.7000047e+00 0.0000000e+00 0.0000000e+00
    0.0000000e+00 0.0000000e+00 6.1596926e+00 8.9965745e+00 1.1104056e+01
    1.2614324e+01 1.3882325e+01 1.5075015e+01 1.6377926e+01 1.7391007e+01
    1.8516600e+01 1.9031239e+01 1.9576366e+01 2.0273115e+01 2.0647998e+01
    2.1208307e+01 2.1516140e+01 2.2067591e+01 2.2317198e+01 2.2700572e+01
    2.3013688e+01 2.3110699e+01 2.3095448e+01 2.3163815e+01 2.3087745e+01
    2.3015182e+01 2.2981647e+01 2.2810309e+01 2.2512576e+01 2.2241519e+01
    2.1875270e+01 2.1550937e+01 2.1005345e+01 2.0713135e+01 2.0049242e+01
    1.9723887e+01 1.9246411e+01 1.8597119e+01 1.7936177e+01 1.7101922e+01
    1.6329819e+01 1.5302525e+01 1.4278736e+01 1.2929014e+01 1.1106441e+01
    9.1992565e+00 6.7002833e+00 0.0000000e+00 0.0000000e+00 0.0000000e+00
    0.0000000e+00 0.0000000e+00 4.0970907e+00 7.7205303e+00 1.0005353e+01
    1.1767953e+01 1.3296100e+01 1.4607584e+01 1.5707638e+01 1.6705946e+01
    1.7674570e+01 1.8488747e+01 1.9180367e+01 1.9618261e+01 2.0033172e+01
    2.0621552e+01 2.1104232e+01 2.1563096e+01 2.2036525e+01 2.2311374e+01
    2.2562387e+01 2.2510099e+01 2.2643493e+01 2.2680195e+01 2.2667202e+01
    2.2634559e+01 2.2358752e+01 2.2232350e+01 2.2105026e+01 2.1792255e+01
    2.1438629e+01 2.1206587e+01 2.0775896e+01 2.0210704e+01 1.9601982e+01
    1.9185211e+01 1.8817430e+01 1.8060993e+01 1.7521604e+01 1.6701336e+01
    1.5865734e+01 1.4647261e+01 1.3393998e+01 1.1923261e+01 1.0068250e+01
    7.9651526e+00 4.4809205e+00 0.0000000e+00 0.0000000e+00 0.0000000e+00
    0.0000000e+00 0.0000000e+00 0.0000000e+00 5.9760621e+00 8.7074067e+00
    1.0622971e+01 1.2290221e+01 1.3670820e+01 1.4854568e+01 1.5960682e+01
    1.6839039e+01 1.7723228e+01 1.8452454e+01 1.8951873e+01 1.9557758e+01
    2.0126670e+01 2.0624102e+01 2.1228699e+01 2.1612290e+01 2.1872898e+01
    2.2014292e+01 2.2038267e+01 2.2240728e+01 2.2228954e+01 2.2170107e+01
    2.2044306e+01 2.1998742e+01 2.1964113e+01 2.1699380e+01 2.1471923e+01
    2.0961436e+01 2.0685406e+01 2.0255404e+01 1.9729132e+01 1.9109297e+01
    1.8540590e+01 1.7894940e+01 1.7168835e+01 1.6501312e+01 1.5724444e+01
    1.4754484e+01 1.3563988e+01 1.2534474e+01 1.1128081e+01 8.9441913e+00
    6.2157573e+00 0.0000000e+00 0.0000000e+00 0.0000000e+00 0.0000000e+00
    0.0000000e+00 0.0000000e+00 0.0000000e+00 3.5616850e+00 7.2557762e+00
    9.4997497e+00 1.1361346e+01 1.2805763e+01 1.4216081e+01 1.5434873e+01
    1.6206239e+01 1.6940825e+01 1.7652061e+01 1.8352713e+01 1.8858638e+01
    1.9394835e+01 1.9933104e+01 2.0452196e+01 2.0878950e+01 2.1134576e+01
    2.1457092e+01 2.1579258e+01 2.1673090e+01 2.1715177e+01 2.1656543e+01
    2.1457413e+01 2.1395528e+01 2.1380643e+01 2.1134095e+01 2.0771535e+01
    2.0429298e+01 2.0122361e+01 1.9586966e+01 1.9035196e+01 1.8345532e+01
    1.7828610e+01 1.7115749e+01 1.6419063e+01 1.5665054e+01 1.4702104e+01
    1.3735140e+01 1.2762335e+01 1.1342635e+01 9.7533168e+00 7.2504137e+00
    3.7836634e+00 0.0000000e+00 0.0000000e+00 0.0000000e+00 0.0000000e+00
    0.0000000e+00 0.0000000e+00 0.0000000e+00 0.0000000e+00 5.3084966e+00
    8.0146267e+00 1.0072691e+01 1.1992021e+01 1.3207353e+01 1.4246153e+01
    1.5175800e+01 1.6071550e+01 1.6880529e+01 1.7343538e+01 1.8042262e+01
    1.8563990e+01 1.9033235e+01 1.9514369e+01 2.0074647e+01 2.0524424e+01
    2.0697883e+01 2.0808525e+01 2.0946714e+01 2.1134932e+01 2.0931897e+01
    2.0958210e+01 2.0941559e+01 2.0848867e+01 2.0737707e+01 2.0346888e+01
    2.0078401e+01 1.9378154e+01 1.8821504e+01 1.8388693e+01 1.7651776e+01
    1.6974436e+01 1.6199380e+01 1.5306129e+01 1.4709583e+01 1.3699713e+01
    1.2681670e+01 1.1355594e+01 1.0006776e+01 8.0618481e+00 5.1464411e+00
    0.0000000e+00 0.0000000e+00 0.0000000e+00 0.0000000e+00 0.0000000e+00
    0.0000000e+00 0.0000000e+00 0.0000000e+00 0.0000000e+00 0.0000000e+00
    6.4345377e+00 8.9288482e+00 1.0624885e+01 1.2078125e+01 1.3337442e+01
    1.4280823e+01 1.5166066e+01 1.6085345e+01 1.6869228e+01 1.7112773e+01
    1.7692401e+01 1.8188183e+01 1.8859771e+01 1.9386676e+01 1.9755308e+01
    2.0163164e+01 2.0190869e+01 2.0026412e+01 2.0103987e+01 2.0225061e+01
    2.0323138e+01 2.0210983e+01 1.9989546e+01 1.9759727e+01 1.9408275e+01
    1.9180896e+01 1.8656947e+01 1.8114916e+01 1.7449347e+01 1.6668485e+01
    1.6145437e+01 1.5201192e+01 1.4484137e+01 1.3569722e+01 1.2732403e+01
    1.1780273e+01 1.0256515e+01 8.2360853e+00 5.9374691e+00 0.0000000e+00
    0.0000000e+00 0.0000000e+00 0.0000000e+00 0.0000000e+00 0.0000000e+00
    0.0000000e+00 0.0000000e+00 0.0000000e+00 0.0000000e+00 0.0000000e+00
    2.8139502e+00 6.7501259e+00 9.1724270e+00 1.0923534e+01 1.2117629e+01
    1.3259946e+01 1.4271257e+01 1.5115986e+01 1.5681925e+01 1.6355216e+01
    1.6895004e+01 1.7507744e+01 1.8074030e+01 1.8527180e+01 1.8983314e+01
    1.9145075e+01 1.9375082e+01 1.9494058e+01 1.9551351e+01 1.9389439e+01
    1.9259375e+01 1.9419955e+01 1.9353539e+01 1.9090912e+01 1.8822857e+01
    1.8362787e+01 1.7696683e+01 1.7180480e+01 1.6544506e+01 1.5719994e+01
    1.5128316e+01 1.4189469e+01 1.3288876e+01 1.2477184e+01 1.1287402e+01
    9.9352364e+00 8.2522284e+00 6.2534638e+00 2.6143187e+00 0.0000000e+00
    0.0000000e+00 0.0000000e+00 0.0000000e+00 0.0000000e+00 0.0000000e+00
    0.0000000e+00 0.0000000e+00 0.0000000e+00 0.0000000e+00 0.0000000e+00
    0.0000000e+00 3.4191248e+00 7.0535011e+00 9.2665682e+00 1.0791616e+01
    1.1957831e+01 1.2899673e+01 1.3767932e+01 1.4730189e+01 1.5366907e+01
    1.6001116e+01 1.6587951e+01 1.7021580e+01 1.7473406e+01 1.8053386e+01
    1.8428703e+01 1.8626369e+01 1.8592293e+01 1.8594933e+01 1.8466724e+01
    1.8321019e+01 1.8364825e+01 1.8295099e+01 1.8062301e+01 1.7679102e+01
    1.7237423e+01 1.6855323e+01 1.6276262e+01 1.5590173e+01 1.4708266e+01
    1.4103093e+01 1.3119368e+01 1.2006608e+01 1.0984364e+01 9.7447042e+00
    8.0990792e+00 5.9740998e+00 2.9526408e+00 0.0000000e+00 0.0000000e+00
    0.0000000e+00 0.0000000e+00 0.0000000e+00 0.0000000e+00 0.0000000e+00
    0.0000000e+00 0.0000000e+00 0.0000000e+00 0.0000000e+00 0.0000000e+00
    0.0000000e+00 0.0000000e+00 3.7792767e+00 7.0120747e+00 8.9524308e+00
    1.0274212e+01 1.1555483e+01 1.2512117e+01 1.3473052e+01 1.4379106e+01
    1.5085913e+01 1.5618613e+01 1.5900816e+01 1.6364965e+01 1.6588225e+01
    1.7060425e+01 1.7443194e+01 1.7537373e+01 1.7524348e+01 1.7554326e+01
    1.7452354e+01 1.7225824e+01 1.7231818e+01 1.7096335e+01 1.6966505e+01
    1.6340825e+01 1.5654325e+01 1.4945662e+01 1.4353073e+01 1.3547586e+01
    1.2891896e+01 1.1978430e+01 1.0872544e+01 9.4268211e+00 7.8494098e+00
    5.9204825e+00 2.5647474e+00 0.0000000e+00 0.0000000e+00 0.0000000e+00
    0.0000000e+00 0.0000000e+00 0.0000000e+00 0.0000000e+00 0.0000000e+00
    0.0000000e+00 0.0000000e+00 0.0000000e+00 0.0000000e+00 0.0000000e+00
    0.0000000e+00 0.0000000e+00 0.0000000e+00 2.9459729e+00 6.4996405e+00
    8.3101095e+00 9.7217286e+00 1.0828204e+01 1.1945039e+01 1.3018129e+01
    1.3584123e+01 1.4066866e+01 1.4698067e+01 1.5353697e+01 1.5852444e+01
    1.6125107e+01 1.6211426e+01 1.6398527e+01 1.6385805e+01 1.6484349e+01
    1.6479628e+01 1.6238985e+01 1.6084538e+01 1.5888290e+01 1.5486881e+01
    1.5246396e+01 1.4409799e+01 1.3876512e+01 1.3403999e+01 1.2330903e+01
    1.1411211e+01 1.0338700e+01 9.0087819e+00 7.4968559e+00 5.3233074e+00
    1.9127565e+00 0.0000000e+00 0.0000000e+00 0.0000000e+00 0.0000000e+00
    0.0000000e+00 0.0000000e+00 0.0000000e+00 0.0000000e+00 0.0000000e+00
    0.0000000e+00 0.0000000e+00 0.0000000e+00 0.0000000e+00 0.0000000e+00
    0.0000000e+00 0.0000000e+00 0.0000000e+00 0.0000000e+00 0.0000000e+00
    5.3109539e+00 7.4240248e+00 9.0466375e+00 1.0309014e+01 1.1227132e+01
    1.1839946e+01 1.2433815e+01 1.3355428e+01 1.4156079e+01 1.4488606e+01
    1.4858778e+01 1.4996767e+01 1.4959394e+01 1.5152149e+01 1.5142066e+01
    1.5250846e+01 1.4969905e+01 1.4803414e+01 1.4594580e+01 1.4215396e+01
    1.3614430e+01 1.3018616e+01 1.2364954e+01 1.1845931e+01 1.0875427e+01
    9.7036930e+00 8.2380657e+00 6.8396267e+00 4.8576991e+00 0.0000000e+00
    0.0000000e+00 0.0000000e+00 0.0000000e+00 0.0000000e+00 0.0000000e+00
    0.0000000e+00 0.0000000e+00 0.0000000e+00 0.0000000e+00 0.0000000e+00
    0.0000000e+00 0.0000000e+00 0.0000000e+00 0.0000000e+00 0.0000000e+00
    0.0000000e+00 0.0000000e+00 0.0000000e+00 0.0000000e+00 0.0000000e+00
    0.0000000e+00 3.9577503e+00 6.4700022e+00 8.0703163e+00 9.2918132e+00
    1.0130220e+01 1.0927157e+01 1.1737899e+01 1.2443776e+01 1.2928296e+01
    1.3389025e+01 1.3344692e+01 1.3203762e+01 1.3459605e+01 1.3593607e+01
    1.3549906e+01 1.3474569e+01 1.3366190e+01 1.3228394e+01 1.2597717e+01
    1.2072813e+01 1.1481485e+01 1.0758845e+01 9.9862384e+00 8.8068638e+00
    7.6188496e+00 5.7389666e+00 3.2494678e+00 0.0000000e+00 0.0000000e+00
    0.0000000e+00 0.0000000e+00 0.0000000e+00 0.0000000e+00 0.0000000e+00
    0.0000000e+00 0.0000000e+00 0.0000000e+00 0.0000000e+00 0.0000000e+00
    0.0000000e+00 0.0000000e+00 0.0000000e+00 0.0000000e+00 0.0000000e+00
    0.0000000e+00 0.0000000e+00 0.0000000e+00 0.0000000e+00 0.0000000e+00
    0.0000000e+00 0.0000000e+00 0.0000000e+00 4.5970227e+00 6.3620131e+00
    7.8190933e+00 8.8222402e+00 9.5747071e+00 1.0211303e+01 1.0783943e+01
    1.1303060e+01 1.1622064e+01 1.1626524e+01 1.1676756e+01 1.1878522e+01
    1.1862298e+01 1.1695109e+01 1.1564940e+01 1.1253049e+01 1.0686466e+01
    1.0081499e+01 9.4598725e+00 8.6882081e+00 7.6340297e+00 6.2792864e+00
    4.1341862e+00 0.0000000e+00 0.0000000e+00 0.0000000e+00 0.0000000e+00
    0.0000000e+00 0.0000000e+00 0.0000000e+00 0.0000000e+00 0.0000000e+00
    0.0000000e+00 0.0000000e+00 0.0000000e+00 0.0000000e+00 0.0000000e+00
    0.0000000e+00 0.0000000e+00 0.0000000e+00 0.0000000e+00 0.0000000e+00
    0.0000000e+00 0.0000000e+00 0.0000000e+00 0.0000000e+00 0.0000000e+00
    0.0000000e+00 0.0000000e+00 0.0000000e+00 0.0000000e+00 0.0000000e+00
    3.8400681e+00 5.7368939e+00 7.0454684e+00 7.9101990e+00 8.5176704e+00
    9.0712609e+00 9.4196024e+00 9.6695729e+00 9.8180552e+00 9.8506478e+00
    9.7828199e+00 9.6151153e+00 9.3779405e+00 8.8676590e+00 8.4506193e+00
    7.6328827e+00 6.6350566e+00 5.3918524e+00 3.5213854e+00 0.0000000e+00
    0.0000000e+00 0.0000000e+00 0.0000000e+00 0.0000000e+00 0.0000000e+00
    0.0000000e+00 0.0000000e+00 0.0000000e+00 0.0000000e+00 0.0000000e+00
    0.0000000e+00 0.0000000e+00 0.0000000e+00 0.0000000e+00 0.0000000e+00
    0.0000000e+00 0.0000000e+00 0.0000000e+00 0.0000000e+00 0.0000000e+00
    0.0000000e+00 0.0000000e+00 0.0000000e+00 0.0000000e+00 0.0000000e+00
    0.0000000e+00 0.0000000e+00 0.0000000e+00 0.0000000e+00 0.0000000e+00
    0.0000000e+00 0.0000000e+00 0.0000000e+00 3.8526632e+00 5.1053514e+00
    6.0134136e+00 6.6398422e+00 7.1554671e+00 7.1633359e+00 7.0785084e+00
    6.8515000e+00 6.7900641e+00 6.4706098e+00 5.7379222e+00 4.8374066e+00
    3.4954034e+00 0.0000000e+00 0.0000000e+00 0.0000000e+00 0.0000000e+00
    0.0000000e+00 0.0000000e+00 0.0000000e+00 0.0000000e+00 0.0000000e+00
    0.0000000e+00 0.0000000e+00 0.0000000e+00 0.0000000e+00 0.0000000e+00
    0.0000000e+00 0.0000000e+00 0.0000000e+00 0.0000000e+00 0.0000000e+00
    0.0000000e+00 0.0000000e+00 0.0000000e+00 0.0000000e+00 0.0000000e+00
    0.0000000e+00 0.0000000e+00 0.0000000e+00 0.0000000e+00 0.0000000e+00
    0.0000000e+00 0.0000000e+00 0.0000000e+00 0.0000000e+00 0.0000000e+00
    0.0000000e+00 0.0000000e+00 0.0000000e+00 0.0000000e+00 0.0000000e+00
    0.0000000e+00 0.0000000e+00 0.0000000e+00 0.0000000e+00 0.0000000e+00
    0.0000000e+00 0.0000000e+00 0.0000000e+00 0.0000000e+00 0.0000000e+00
    0.0000000e+00 0.0000000e+00 0.0000000e+00 0.0000000e+00 0.0000000e+00
    0.0000000e+00 0.0000000e+00 0.0000000e+00 0.0000000e+00 0.0000000e+00
    0.0000000e+00 0.0000000e+00 0.0000000e+00 0.0000000e+00 0.0000000e+00
    0.0000000e+00 0.0000000e+00 0.0000000e+00 0.0000000e+00 0.0000000e+00
