    1.4358794e-01 1.1341028e-01 1.0426426e-01 1.1974895e-01 1.4802129e-01
    1.9555289e-01 2.0940159e-01 1.3230848e-01 6.3460079e-02 5.7418281e-02
    5.5070475e-02 3.4186226e-02 2.3972370e-02 3.4336690e-02 4.9028199e-02
    6.2904541e-02 8.9055325e-02 1.3509754e-01 1.5770342e-01 1.4481218e-01
    1.5334034e-01 1.9282565e-01 2.0946699e-01 1.9905750e-01 1.8329185e-01
    1.6279224e-01 1.1833638e-01 5.0482784e-02 -2.6026858e-02 -1.1140320e-01
    -2.0810224e-01 -3.0907933e-01 -3.4294612e-01 -3.3011417e-01 -3.6080332e-01
    -4.1348654e-01 -4.4308206e-01 -4.4888220e-01 -3.9620970e-01 -3.0530178e-01
    -2.1460848e-01 -1.2346454e-01 -5.2152198e-02 8.8999954e-03 6.5539381e-02
    1.2594384e-01 2.1350540e-01 3.0503894e-01 3.7612130e-01 4.3404062e-01
    1.7636398e-01 1.2463255e-01 1.0083091e-01 1.1346394e-01 1.3414549e-01
    1.4523552e-01 1.4034889e-01 1.0428027e-01 6.5296722e-02 3.6055651e-02
    1.2997634e-02 -5.8805809e-03 -6.8915176e-03 2.1318554e-02 4.0554819e-02
    3.5082761e-02 4.6776271e-02 8.9639178e-02 1.1171071e-01 1.0011820e-01
    1.1230716e-01 1.5865564e-01 1.7198434e-01 1.4642494e-01 1.2406496e-01
    1.0623328e-01 4.7218667e-02 -5.0942470e-02 -1.2824984e-01 -1.8852188e-01
    -2.6268284e-01 -3.4097016e-01 -3.4147355e-01 -2.8863489e-01 -2.9519077e-01
    -3.3231863e-01 -3.2900034e-01 -2.9658526e-01 -2.3348103e-01 -1.4951508e-01
    -7.3180667e-02 2.1812233e-03 8.4372899e-02 1.5820633e-01 1.7991968e-01
    1.9785205e-01 2.9843795e-01 4.0330554e-01 4.3272325e-01 4.1047404e-01
    1.9220258e-01 1.1685111e-01 8.0367954e-02 9.6400348e-02 1.1927951e-01
    1.1087740e-01 9.6344473e-02 8.6663320e-02 6.7407112e-02 2.5160633e-02
    -5.6364795e-03 -1.0761179e-02 3.3684124e-03 4.4497655e-02 6.8080019e-02
    5.3352122e-02 5.9724653e-02 1.0553699e-01 1.3164481e-01 1.2483435e-01
    1.3792592e-01 1.8051794e-01 1.8795349e-01 1.5440745e-01 1.2481617e-01
    1.0062227e-01 3.0909795e-02 -8.1814127e-02 -1.6349686e-01 -2.1857478e-01
    -2.7712182e-01 -3.3186882e-01 -3.2398755e-01 -2.7284530e-01 -2.7389205e-01
    -3.0017345e-01 -2.7741872e-01 -2.2130121e-01 -1.4448021e-01 -5.3879093e-02
    2.1457576e-02 9.1506931e-02 1.7453422e-01 2.4719240e-01 2.4952460e-01
    2.4404031e-01 3.4033521e-01 4.3947603e-01 4.4099746e-01 3.7486642e-01
    1.9185761e-01 8.0886444e-02 3.0375009e-02 6.1084205e-02 1.0353225e-01
    9.9054582e-02 8.8297767e-02 9.0356695e-02 7.9188000e-02 3.0942080e-02
    6.0909775e-03 3.5703030e-02 7.7896835e-02 1.2750441e-01 1.5527690e-01
    1.4201865e-01 1.5442874e-01 2.1396999e-01 2.5195694e-01 2.5470504e-01
    2.6533968e-01 2.9071375e-01 2.8935627e-01 2.5775163e-01 2.1963218e-01
    1.7573613e-01 9.9797341e-02 -6.6171308e-03 -9.9264880e-02 -1.7888857e-01
    -2.3139617e-01 -2.6008863e-01 -2.8248634e-01 -2.9858568e-01 -3.2501580e-01
    -3.5008716e-01 -3.2723485e-01 -2.6594128e-01 -1.6675870e-01 -4.5319114e-02
    5.0710829e-02 1.3153850e-01 2.0069922e-01 2.5098763e-01 2.5508375e-01
    2.5249177e-01 3.1973580e-01 3.8574134e-01 3.7747606e-01 3.1672722e-01
    1.7268034e-01 4.7473297e-02 -7.2503802e-03 3.2519581e-02 8.6438430e-02
    8.7640660e-02 7.9542603e-02 7.8590993e-02 6.8829091e-02 3.2387832e-02
    2.4865717e-02 7.9216216e-02 1.3895811e-01 1.9097884e-01 2.2268168e-01
    2.1959080e-01 2.4201102e-01 3.1047903e-01 3.5723180e-01 3.7001069e-01
    3.7683272e-01 3.8098751e-01 3.6897127e-01 3.3996859e-01 2.9422741e-01
    2.3171699e-01 1.5198187e-01 5.5589588e-02 -4.4517609e-02 -1.4550116e-01
    -1.9263345e-01 -1.9827180e-01 -2.4373751e-01 -3.1273850e-01 -3.5429825e-01
    -3.7122358e-01 -3.4793238e-01 -2.8652233e-01 -1.7433238e-01 -3.3523888e-02
    7.6960815e-02 1.6582940e-01 2.2204640e-01 2.5304698e-01 2.6131316e-01
    2.6364023e-01 3.0202210e-01 3.3545215e-01 3.2096591e-01 2.7138365e-01
    1.2219397e-01 4.3625119e-02 7.8947968e-03 3.1040534e-02 5.9397042e-02
    4.8346807e-02 2.6503890e-02 -3.5335496e-03 -1.9985161e-02 -7.1926925e-03
    1.9175708e-02 5.6269851e-02 9.8440059e-02 1.4554505e-01 1.8401210e-01
    2.0544673e-01 2.3979670e-01 2.9787236e-01 3.4063599e-01 3.6220768e-01
    3.6484825e-01 3.4762358e-01 3.2112422e-01 2.8638457e-01 2.3536607e-01
    1.6782775e-01 8.5178692e-02 -1.1888325e-02 -1.0622095e-01 -1.9529312e-01
    -2.2690550e-01 -2.1280879e-01 -2.2932212e-01 -2.6199647e-01 -2.6660647e-01
    -2.4784254e-01 -2.0201019e-01 -1.3137600e-01 -3.5712722e-02 7.3946745e-02
    1.6487676e-01 2.4193045e-01 3.0211055e-01 3.4167748e-01 3.4098686e-01
    3.2924159e-01 3.6274535e-01 3.9026779e-01 3.5963488e-01 2.8640970e-01
    7.9360439e-02 4.8020389e-02 3.3699512e-02 4.5445952e-02 5.2961622e-02
    2.9353281e-02 -3.3165694e-03 -4.7752243e-02 -6.1551929e-02 -6.3445786e-03
    4.6030466e-02 6.2881736e-02 8.3263358e-02 1.1856448e-01 1.5504772e-01
    1.8970413e-01 2.2691765e-01 2.6914689e-01 3.0291026e-01 3.2762923e-01
    3.2719278e-01 2.9804966e-01 2.6301362e-01 2.2396958e-01 1.7035061e-01
    1.0187191e-01 1.7660478e-02 -8.1275898e-02 -1.6691370e-01 -2.3821451e-01
    -2.6133194e-01 -2.4347451e-01 -2.2768194e-01 -2.0806114e-01 -1.7312476e-01
    -1.2465031e-01 -6.4321733e-02 6.5406723e-03 8.4661047e-02 1.6580921e-01
    2.3459278e-01 2.9534808e-01 3.5732614e-01 4.0386560e-01 3.9096932e-01
    3.6212367e-01 3.9029248e-01 4.1326853e-01 3.6951755e-01 2.7738813e-01
    8.9494499e-02 6.7584614e-02 6.5037124e-02 9.3813043e-02 1.1379008e-01
    8.3627764e-02 5.3482388e-02 4.5323028e-02 6.1760289e-02 1.2071072e-01
    1.6922991e-01 1.8040685e-01 1.8771827e-01 2.0004173e-01 2.1123537e-01
    2.1944690e-01 2.3339760e-01 2.5633594e-01 2.7732198e-01 2.9615665e-01
    2.9882541e-01 2.8295582e-01 2.5848249e-01 2.2635938e-01 1.7693814e-01
    1.0992857e-01 2.2302524e-02 -8.4502757e-02 -1.6676884e-01 -2.2607707e-01
    -2.6276348e-01 -2.7577114e-01 -2.4975845e-01 -1.9216580e-01 -1.3985154e-01
    -8.8508270e-02 -4.3608766e-02 2.3487614e-03 8.0594074e-02 1.7224055e-01
    2.3384622e-01 2.8046548e-01 3.3545369e-01 3.7579269e-01 3.5023478e-01
    3.0548638e-01 3.1393090e-01 3.2129360e-01 2.7741197e-01 1.9723064e-01
    5.9091026e-02 4.4501929e-02 5.1560244e-02 9.3872837e-02 1.2575628e-01
    9.6868411e-02 7.6321128e-02 1.0524189e-01 1.5004529e-01 2.0648331e-01
    2.5156583e-01 2.7195130e-01 2.7966021e-01 2.7482331e-01 2.6872218e-01
    2.6366308e-01 2.6645429e-01 2.8094981e-01 2.9149951e-01 2.9606473e-01
    2.9228433e-01 2.7995278e-01 2.5556580e-01 2.1897311e-01 1.6609325e-01
    9.6750575e-02 1.6616043e-02 -7.3351244e-02 -1.4194780e-01 -1.9116810e-01
    -2.3774326e-01 -2.7488443e-01 -2.4245663e-01 -1.5850390e-01 -1.0011878e-01
    -5.6273143e-02 -2.6541570e-02 4.1357626e-04 7.6089502e-02 1.7195088e-01
    2.2621124e-01 2.5811048e-01 2.8942649e-01 3.0369443e-01 2.6481198e-01
    2.1007108e-01 1.9938802e-01 1.8897873e-01 1.3901392e-01 6.1357180e-02
    -8.9826250e-02 -8.4156638e-02 -6.6928230e-02 -2.9539610e-02 -9.1077805e-04
    -1.6303158e-02 -1.9686096e-02 2.5558960e-02 8.4106583e-02 1.4595154e-01
    2.0559473e-01 2.6277815e-01 2.9774075e-01 2.9514927e-01 3.0052372e-01
    3.2796473e-01 3.5908600e-01 3.9524083e-01 4.0565189e-01 3.8317032e-01
    3.4793217e-01 3.0197272e-01 2.4152913e-01 1.6593475e-01 8.6393635e-02
    3.1290767e-03 -4.3720826e-02 -5.5936120e-02 -8.5650211e-02 -1.2945695e-01
    -1.7178666e-01 -2.0703229e-01 -1.6671300e-01 -7.2493046e-02 -2.1316441e-02
    5.3485437e-03 3.5971342e-02 7.0465019e-02 1.2945235e-01 1.9728000e-01
    2.4103413e-01 2.6097975e-01 2.3439161e-01 1.8080081e-01 1.2544013e-01
    7.2449760e-02 5.1998319e-02 2.5836370e-02 -4.9721127e-02 -1.6162625e-01
    -1.9391421e-01 -1.7135512e-01 -1.4844372e-01 -1.2290140e-01 -1.0244796e-01
    -1.0124297e-01 -8.7162232e-02 -3.6202289e-02 2.4808162e-02 8.5129136e-02
    1.5134493e-01 2.3352589e-01 2.8631554e-01 2.8116743e-01 2.9562521e-01
    3.5693219e-01 4.0990456e-01 4.4797829e-01 4.4848517e-01 4.0345733e-01
    3.4711801e-01 2.8326839e-01 2.0611707e-01 1.1478684e-01 2.3714665e-02
    -6.6847581e-02 -9.3044362e-02 -5.8163440e-02 -6.0065168e-02 -9.2126736e-02
    -1.1479649e-01 -1.2621188e-01 -7.9440372e-02 7.9228958e-03 5.0649084e-02
    6.7451052e-02 9.6584531e-02 1.3248680e-01 1.8008335e-01 2.2848626e-01
    2.5160833e-01 2.4654181e-01 1.8042049e-01 8.7590125e-02 2.5785030e-02
    -2.4303140e-02 -6.1080067e-02 -1.0974882e-01 -2.0644096e-01 -3.4034104e-01
    -1.7777615e-01 -1.4366407e-01 -1.2093548e-01 -1.1481959e-01 -1.0783759e-01
    -8.7030936e-02 -5.6054052e-02 -1.1955685e-02 3.5903691e-02 8.0946369e-02
    1.3367505e-01 2.0865665e-01 2.5006776e-01 2.2159510e-01 2.2828692e-01
    3.1308781e-01 3.6212444e-01 3.4957036e-01 3.1360181e-01 2.5524199e-01
    2.0423589e-01 1.6546368e-01 1.2263124e-01 7.5130589e-02 1.0886036e-02
    -7.0742210e-02 -1.1068051e-01 -1.1052919e-01 -1.1566723e-01 -1.2245229e-01
    -9.8914217e-02 -4.9902584e-02 1.9224262e-03 5.5980863e-02 9.4438922e-02
    1.2104380e-01 1.3761101e-01 1.5176993e-01 2.0621122e-01 2.6789126e-01
    2.5057291e-01 1.9056212e-01 1.3187272e-01 7.0698719e-02 2.4889520e-02
    -2.2234960e-02 -9.1470781e-02 -1.7758740e-01 -2.8135441e-01 -4.0252030e-01
    -1.2514548e-01 -9.8002822e-02 -8.3544506e-02 -8.9410632e-02 -9.0013940e-02
    -6.2311004e-02 -2.6358434e-02 1.0855068e-02 4.7030897e-02 7.6364078e-02
    1.1353791e-01 1.7473744e-01 2.0583171e-01 1.7175523e-01 1.7595413e-01
    2.6382511e-01 3.0251566e-01 2.5729556e-01 2.0494883e-01 1.5368436e-01
    1.1895425e-01 1.0499401e-01 8.9455613e-02 7.1692641e-02 2.7796858e-02
    -4.3247509e-02 -9.4639337e-02 -1.2635357e-01 -1.3286284e-01 -1.1421223e-01
    -6.0530943e-02 2.1338809e-02 7.5054752e-02 1.0926538e-01 1.4492913e-01
    1.7699726e-01 1.8654766e-01 1.8710741e-01 2.3478232e-01 2.8922641e-01
    2.4143505e-01 1.4826098e-01 1.0220352e-01 6.9281393e-02 2.7103641e-02
    -2.9791885e-02 -1.2745768e-01 -2.4105619e-01 -3.4487353e-01 -4.4658146e-01
    -4.1438383e-02 -5.3794454e-02 -6.1073583e-02 -6.3760075e-02 -6.0244270e-02
    -5.0079066e-02 -3.0798621e-02 3.9097679e-03 3.5610338e-02 5.0489651e-02
    7.2109920e-02 1.1531367e-01 1.4546015e-01 1.4362280e-01 1.6029455e-01
    2.1885630e-01 2.4419524e-01 2.1423784e-01 1.9020482e-01 1.8172184e-01
    1.7591909e-01 1.7320481e-01 1.5703673e-01 1.2614295e-01 7.9276998e-02
    1.6225301e-02 -3.3118737e-02 -6.8095903e-02 -6.1740564e-02 -1.7583034e-02
    3.1356145e-02 8.6161181e-02 1.3866607e-01 1.8789780e-01 2.2031262e-01
    2.3952400e-01 2.5382669e-01 2.6260542e-01 2.7420672e-01 2.7541857e-01
    2.1958670e-01 1.3925213e-01 1.0096121e-01 6.9483363e-02 1.8365215e-03
    -8.8243957e-02 -2.0330410e-01 -3.2304389e-01 -4.1886460e-01 -4.9932554e-01
    5.2323221e-04 -3.3039802e-02 -5.0891974e-02 -4.9231616e-02 -4.0811198e-02
    -3.8776333e-02 -2.6977712e-02 8.4273105e-03 4.1498738e-02 5.5253139e-02
    7.6176599e-02 1.1845125e-01 1.5476097e-01 1.7419020e-01 1.9593812e-01
    2.2886951e-01 2.4053159e-01 2.1894084e-01 2.0921765e-01 2.2024799e-01
    2.2942642e-01 2.3612122e-01 2.1950537e-01 1.7717376e-01 1.2831952e-01
    7.3416052e-02 3.1880267e-02 4.3391327e-03 1.6727798e-02 6.4852324e-02
    1.0291847e-01 1.3561271e-01 1.7929319e-01 2.2974274e-01 2.6943928e-01
    3.0022564e-01 3.2282750e-01 3.3312106e-01 3.1368022e-01 2.7125129e-01
    2.1157768e-01 1.4432221e-01 1.0600916e-01 6.7208336e-02 -2.0439658e-02
    -1.3385193e-01 -2.6237235e-01 -3.8777836e-01 -4.7914313e-01 -5.4573641e-01
    -3.4710040e-02 -4.9504471e-02 -5.6559204e-02 -5.5748609e-02 -4.7505107e-02
    -3.3168244e-02 -8.8985410e-03 3.0638895e-02 7.2723696e-02 1.0766504e-01
    1.5359882e-01 2.2591760e-01 2.7977595e-01 2.9523248e-01 3.0756720e-01
    3.2914937e-01 3.2694346e-01 2.8936170e-01 2.5968208e-01 2.4432463e-01
    2.4396577e-01 2.6229577e-01 2.5347049e-01 2.1314677e-01 1.6927484e-01
    1.2254121e-01 9.5255241e-02 8.7056561e-02 8.9753633e-02 1.0351407e-01
    1.2928247e-01 1.6494134e-01 1.8695086e-01 2.0442242e-01 2.7068607e-01
    3.6242297e-01 3.9861369e-01 3.9451407e-01 3.5611246e-01 2.9190484e-01
    2.2832778e-01 1.6337851e-01 1.1236654e-01 5.7304248e-02 -3.3838275e-02
    -1.4815322e-01 -2.8790090e-01 -4.2539964e-01 -5.2108229e-01 -5.8679239e-01
    -5.7928780e-02 -7.3929512e-02 -7.4018472e-02 -5.5383739e-02 -2.7436491e-02
    1.8488271e-03 3.8118042e-02 8.5420709e-02 1.3474250e-01 1.7832539e-01
    2.3348532e-01 3.1789396e-01 3.7533847e-01 3.7948876e-01 3.8029437e-01
    3.9376712e-01 3.8549179e-01 3.4541098e-01 3.0495097e-01 2.6665183e-01
    2.5179723e-01 2.6698073e-01 2.5546544e-01 2.1203525e-01 1.7158628e-01
    1.3502808e-01 1.1865241e-01 1.2188591e-01 1.2913929e-01 1.4103060e-01
    1.5983346e-01 1.8426724e-01 1.9794569e-01 2.1024380e-01 2.8352772e-01
    3.8893478e-01 4.2194482e-01 4.0619675e-01 3.6717806e-01 3.0703880e-01
    2.4359429e-01 1.7599419e-01 1.1727588e-01 5.1953356e-02 -4.8360773e-02
    -1.7065154e-01 -3.1544130e-01 -4.5534220e-01 -5.5049777e-01 -6.1283996e-01
    -4.6884981e-02 -1.0499464e-01 -1.0894200e-01 -4.1427653e-02 3.9651633e-02
    8.5432550e-02 1.2971708e-01 1.8851597e-01 2.3983747e-01 2.6857733e-01
    3.0438438e-01 3.6871712e-01 4.0668777e-01 3.9189490e-01 3.8045136e-01
    3.8992726e-01 3.8830863e-01 3.6981948e-01 3.3774653e-01 2.8899830e-01
    2.5649932e-01 2.4686617e-01 2.1617140e-01 1.6001463e-01 1.1897284e-01
    9.4254172e-02 8.0035617e-02 7.6998586e-02 1.1280253e-01 1.8119342e-01
    2.0124922e-01 1.8664250e-01 2.1407340e-01 2.7000395e-01 3.1803417e-01
    3.5765006e-01 3.6189200e-01 3.4208913e-01 3.2874186e-01 3.0804073e-01
    2.4785134e-01 1.6822263e-01 1.1241019e-01 4.9753998e-02 -7.1805928e-02
    -2.1837484e-01 -3.6116006e-01 -4.8903236e-01 -5.7406942e-01 -6.2465999e-01
    -4.8644529e-02 -1.0924196e-01 -1.0780348e-01 -2.3405769e-02 7.3903479e-02
    1.2316719e-01 1.7197596e-01 2.4686054e-01 3.0813009e-01 3.3096253e-01
    3.5553747e-01 4.0490458e-01 4.3064827e-01 4.1079765e-01 3.9065849e-01
    3.8214920e-01 3.7422271e-01 3.6828362e-01 3.4352761e-01 2.9329715e-01
    2.5139577e-01 2.2327508e-01 1.7828697e-01 1.1261039e-01 7.7372302e-02
    7.4223797e-02 8.1605485e-02 1.0020296e-01 1.5728898e-01 2.4578350e-01
    2.6970451e-01 2.4660962e-01 2.8282189e-01 3.5582319e-01 3.8554928e-01
    3.8508716e-01 3.6592601e-01 3.3446040e-01 3.2658874e-01 3.2316392e-01
    2.8236830e-01 2.1988298e-01 1.5984177e-01 8.2931192e-02 -5.0500900e-02
    -2.0494025e-01 -3.3940305e-01 -4.5605129e-01 -5.4143521e-01 -5.9962311e-01
    -6.6345623e-02 -7.0217622e-02 -4.9779371e-02 3.2095522e-03 6.1089961e-02
    9.3954326e-02 1.4189810e-01 2.3991533e-01 3.2374224e-01 3.5544037e-01
    3.8294140e-01 4.2813742e-01 4.5409141e-01 4.4853331e-01 4.2384203e-01
    3.7664865e-01 3.4195651e-01 3.3191607e-01 3.0992117e-01 2.6896039e-01
    2.2966886e-01 1.9510381e-01 1.4430914e-01 7.3309254e-02 5.3584050e-02
    8.7517056e-02 1.4628783e-01 2.2868366e-01 2.9497371e-01 3.4654580e-01
    3.7735512e-01 3.9174452e-01 4.2691237e-01 4.7369104e-01 4.9920581e-01
    5.0493358e-01 4.7168603e-01 4.1468642e-01 3.7971837e-01 3.5810482e-01
    3.6075987e-01 3.5988938e-01 2.8438757e-01 1.6692775e-01 3.5438186e-02
    -1.0273230e-01 -2.2135513e-01 -3.3069050e-01 -4.3499280e-01 -5.3301530e-01
    -1.3139178e-01 -1.0056681e-01 -6.4268580e-02 -2.1790869e-02 2.4436356e-02
    6.6950960e-02 1.2700182e-01 2.3104480e-01 3.2126727e-01 3.6292953e-01
    3.9736073e-01 4.4168283e-01 4.7128168e-01 4.8198905e-01 4.6089598e-01
    3.9296719e-01 3.4908823e-01 3.5121841e-01 3.3913882e-01 3.0295630e-01
    2.6065340e-01 2.1347016e-01 1.5910484e-01 9.5305961e-02 8.1218067e-02
    1.1883485e-01 1.9447379e-01 3.0570558e-01 3.7306904e-01 4.0234055e-01
    4.3131004e-01 4.5851180e-01 4.9435210e-01 5.3346314e-01 5.5031205e-01
    5.4723090e-01 5.1500219e-01 4.6374727e-01 4.2362346e-01 3.9330921e-01
    4.0093499e-01 4.0835413e-01 3.2338247e-01 1.9213939e-01 6.1790922e-02
    -6.8032534e-02 -1.7628236e-01 -2.7132646e-01 -3.5670508e-01 -4.3138014e-01
    -2.5392055e-01 -2.2125112e-01 -1.7430506e-01 -1.1217350e-01 -3.7855391e-02
    4.9603404e-02 1.3951495e-01 2.2833944e-01 3.0415431e-01 3.5604563e-01
    4.0110830e-01 4.4732184e-01 4.8358031e-01 5.1164173e-01 5.0424502e-01
    4.3982274e-01 4.1103926e-01 4.4854606e-01 4.5634888e-01 4.1793183e-01
    3.6343737e-01 2.9306507e-01 2.3589436e-01 1.9393424e-01 1.7122130e-01
    1.6789509e-01 2.1431179e-01 3.0779076e-01 3.6759942e-01 3.9804060e-01
    4.1382820e-01 4.1854496e-01 4.5837714e-01 5.1747817e-01 5.1776830e-01
    4.8100083e-01 4.6741194e-01 4.6268477e-01 4.4797517e-01 4.2400413e-01
    3.8523001e-01 3.2892643e-01 2.4341779e-01 1.3514857e-01 3.1517198e-03
    -1.3128922e-01 -2.3687016e-01 -3.0816451e-01 -3.2443875e-01 -2.9193229e-01
    -3.4517320e-01 -3.0468246e-01 -2.4554883e-01 -1.6486929e-01 -7.2276971e-02
    3.0827905e-02 1.2577075e-01 1.9651362e-01 2.5835684e-01 3.1617499e-01
    3.7019256e-01 4.2351567e-01 4.6649003e-01 5.0140673e-01 4.9649537e-01
    4.2744938e-01 3.9677163e-01 4.3765647e-01 4.4902298e-01 4.1339585e-01
    3.6423234e-01 3.0184378e-01 2.5938338e-01 2.3980169e-01 2.3033805e-01
    2.3059262e-01 2.7176789e-01 3.5160619e-01 4.0292228e-01 4.2906786e-01
    4.3777234e-01 4.3388716e-01 4.7132355e-01 5.3310369e-01 5.3834533e-01
    5.0965664e-01 5.1185585e-01 5.2642323e-01 5.2135621e-01 4.9957187e-01
    4.5316855e-01 3.8365788e-01 2.8727407e-01 1.7177265e-01 4.4480181e-02
    -7.9516659e-02 -1.7846751e-01 -2.3802433e-01 -2.2825089e-01 -1.5813209e-01
    -3.9804156e-01 -3.4088257e-01 -2.6714066e-01 -1.7013497e-01 -7.2187199e-02
    1.0920225e-02 8.1047389e-02 1.3085911e-01 1.7992566e-01 2.3905490e-01
    3.0025002e-01 3.6656156e-01 4.1624675e-01 4.4620526e-01 4.3047830e-01
    3.4593703e-01 2.9243021e-01 2.9882837e-01 2.9446697e-01 2.6754705e-01
    2.4402242e-01 2.2558681e-01 2.1773342e-01 2.2043002e-01 2.5042271e-01
    3.0836334e-01 3.7483242e-01 4.4870737e-01 4.9090301e-01 5.0478407e-01
    5.1359832e-01 5.1855370e-01 5.4608656e-01 5.8951199e-01 6.2529465e-01
    6.5453931e-01 6.6868643e-01 6.6927839e-01 6.5378562e-01 6.2806600e-01
    6.2135652e-01 6.0071082e-01 4.8066080e-01 3.2065401e-01 2.0534808e-01
    1.0984237e-01 2.2652559e-02 -3.9226263e-02 -5.5325522e-02 -3.1762203e-02
    -4.4350590e-01 -3.7939382e-01 -3.0378426e-01 -2.1263207e-01 -1.1943527e-01
    -3.2324336e-02 4.4750286e-02 1.0442923e-01 1.5853746e-01 2.1046042e-01
    2.6677211e-01 3.3842783e-01 3.8984774e-01 4.1287821e-01 3.8886956e-01
    2.9634438e-01 2.3312041e-01 2.2595229e-01 2.1885403e-01 2.0295665e-01
    1.9874995e-01 2.0851218e-01 2.2313317e-01 2.4136522e-01 2.8440480e-01
    3.5303203e-01 4.1789695e-01 4.7861532e-01 5.1838576e-01 5.3925503e-01
    5.5926629e-01 5.7795579e-01 6.0197920e-01 6.3011773e-01 6.6214180e-01
    6.9395031e-01 7.0378066e-01 6.9882645e-01 6.9253747e-01 6.8422217e-01
    6.9358451e-01 6.8586620e-01 5.6217283e-01 3.9412792e-01 2.8873949e-01
    2.0716168e-01 1.2293948e-01 5.8462717e-02 3.6060609e-02 4.9074240e-02
    -4.8246430e-01 -4.2167862e-01 -3.5749952e-01 -2.9526252e-01 -2.1701651e-01
    -9.9913417e-02 1.8025212e-02 1.1972617e-01 1.9740287e-01 2.3338240e-01
    2.7232018e-01 3.4124773e-01 3.8926172e-01 4.0366751e-01 3.7434977e-01
    2.8183607e-01 2.2301551e-01 2.2503668e-01 2.2922396e-01 2.2659853e-01
    2.3459936e-01 2.5522418e-01 2.7920616e-01 3.0602851e-01 3.3398101e-01
    3.6296708e-01 3.9747052e-01 4.3741131e-01 4.8175887e-01 5.2984052e-01
    5.7243646e-01 6.0957402e-01 6.3694744e-01 6.5350289e-01 6.4538212e-01
    6.2081663e-01 6.0950916e-01 6.0866768e-01 6.3254886e-01 6.6402091e-01
    6.6367147e-01 6.2988456e-01 5.2363967e-01 3.8637736e-01 2.8858341e-01
    2.0535409e-01 1.1476736e-01 4.7710858e-02 4.0718907e-02 8.2875338e-02
    -4.7133770e-01 -4.0681016e-01 -3.4358442e-01 -2.8782885e-01 -2.1885008e-01
    -1.1515584e-01 -3.0158086e-03 1.1366762e-01 2.0340264e-01 2.3639490e-01
    2.6679239e-01 3.2201073e-01 3.5887160e-01 3.6671570e-01 3.4020692e-01
    2.6390162e-01 2.1931030e-01 2.2978224e-01 2.4313450e-01 2.5196253e-01
    2.6515534e-01 2.8376466e-01 2.9824766e-01 3.0749873e-01 3.2367931e-01
    3.4716219e-01 3.7621630e-01 4.1089287e-01 4.5445595e-01 5.0546078e-01
    5.4503829e-01 5.7481562e-01 6.0058695e-01 6.1802102e-01 5.9625220e-01
    5.4937028e-01 5.2495976e-01 5.1739173e-01 5.4185665e-01 5.7824566e-01
    5.7540594e-01 5.4131813e-01 4.6224371e-01 3.5753655e-01 2.5596325e-01
    1.6156529e-01 8.9618821e-02 4.7788120e-02 5.3629123e-02 1.0186992e-01
    -4.1107560e-01 -3.3654976e-01 -2.6471463e-01 -1.9453384e-01 -1.2956380e-01
    -7.9967165e-02 -1.7553255e-02 8.8068110e-02 1.7856191e-01 2.2084157e-01
    2.5111024e-01 2.8226601e-01 3.0040665e-01 3.0287496e-01 2.8642967e-01
    2.4189030e-01 2.2105919e-01 2.3942400e-01 2.5983046e-01 2.7794997e-01
    2.8948446e-01 2.9397893e-01 2.8140701e-01 2.4883447e-01 2.5679798e-01
    3.0740400e-01 3.5467481e-01 3.9863841e-01 4.3623282e-01 4.6709410e-01
    4.7970167e-01 4.7823816e-01 4.9783170e-01 5.2779218e-01 5.1781767e-01
    4.8149878e-01 4.5183223e-01 4.2729037e-01 4.2444030e-01 4.3276503e-01
    4.3380009e-01 4.2302412e-01 3.7933317e-01 3.0801024e-01 1.9217357e-01
    7.8259874e-02 4.8767141e-02 5.8419255e-02 7.4473590e-02 1.0664886e-01
    -3.1689599e-01 -2.5209865e-01 -1.9005655e-01 -1.2926495e-01 -7.4855292e-02
    -3.8934280e-02 9.7845614e-03 1.0223591e-01 1.8408301e-01 2.2798999e-01
    2.5490371e-01 2.7127061e-01 2.6610226e-01 2.2946476e-01 1.9959173e-01
    1.8590463e-01 1.9126954e-01 2.2149626e-01 2.4498808e-01 2.5625909e-01
    2.6236332e-01 2.6437448e-01 2.4773934e-01 2.0869985e-01 2.2557659e-01
    3.0115607e-01 3.5835330e-01 3.9772322e-01 4.2811403e-01 4.4945878e-01
    4.6050198e-01 4.6367178e-01 4.8388051e-01 5.1328341e-01 5.1685690e-01
    5.0099829e-01 4.7074020e-01 4.3351964e-01 4.2512251e-01 4.2866381e-01
    4.1411698e-01 3.8425917e-01 3.3033866e-01 2.5528746e-01 1.4194528e-01
    3.9919408e-02 4.4989797e-02 8.8309705e-02 1.0800375e-01 1.2249916e-01
    -1.9519723e-01 -1.5679833e-01 -1.2015380e-01 -8.8951007e-02 -5.0842659e-02
    5.1351258e-03 7.0022276e-02 1.4660196e-01 2.1137664e-01 2.5100081e-01
    2.7245921e-01 2.8200427e-01 2.5048207e-01 1.4860218e-01 8.6602560e-02
    1.0187718e-01 1.3452439e-01 1.7960407e-01 2.0275939e-01 1.9375246e-01
    1.9187210e-01 2.0234573e-01 2.0210836e-01 1.8742303e-01 2.2747891e-01
    3.2480901e-01 3.8418413e-01 4.0712226e-01 4.2907971e-01 4.4966842e-01
    4.8075151e-01 5.1925727e-01 5.4571667e-01 5.6304476e-01 5.8110924e-01
    5.9361467e-01 5.6758117e-01 5.2271401e-01 5.2640716e-01 5.4314708e-01
    4.9643859e-01 4.1213226e-01 3.0917759e-01 1.9874950e-01 1.0292596e-01
    4.0195054e-02 7.2201618e-02 1.3275808e-01 1.5006496e-01 1.4555525e-01
    -1.5197705e-01 -1.2403176e-01 -1.0187704e-01 -9.2601526e-02 -7.2436522e-02
    -1.7666476e-02 4.4789264e-02 1.0392569e-01 1.5709624e-01 2.0393572e-01
    2.3087038e-01 2.3428728e-01 2.0050669e-01 1.0625563e-01 5.0625809e-02
    6.7850676e-02 1.0305411e-01 1.5250729e-01 1.7761328e-01 1.6586962e-01
    1.7423204e-01 2.1119262e-01 2.3589255e-01 2.4407523e-01 2.8695853e-01
    3.6635837e-01 4.0887992e-01 4.1615604e-01 4.2904372e-01 4.4723772e-01
    4.9081757e-01 5.5253689e-01 5.7850301e-01 5.7881143e-01 5.8595493e-01
    5.9267439e-01 5.7926284e-01 5.5483515e-01 5.5203094e-01 5.4737585e-01
    4.8127572e-01 3.7771051e-01 2.5561848e-01 1.3465474e-01 6.2851231e-02
    3.2778906e-02 6.9197903e-02 1.2406797e-01 1.3720958e-01 1.2661431e-01
    -1.6946374e-01 -1.4122061e-01 -1.2565373e-01 -1.3152476e-01 -1.2947677e-01
    -9.1972888e-02 -4.6051673e-02 -5.0178291e-03 4.0770435e-02 1.0246791e-01
    1.4220622e-01 1.3976143e-01 1.2168367e-01 8.9802027e-02 6.8855025e-02
    6.6060243e-02 8.4139039e-02 1.2989610e-01 1.5932049e-01 1.5972223e-01
    1.9283376e-01 2.6939974e-01 3.2570400e-01 3.5674948e-01 3.8729353e-01
    4.1802405e-01 4.2963830e-01 4.2319039e-01 4.2748458e-01 4.4267467e-01
    4.9362596e-01 5.6994784e-01 5.9133135e-01 5.7215762e-01 5.4982583e-01
    5.2509985e-01 5.3013991e-01 5.4659588e-01 5.2392119e-01 4.7292815e-01
    3.9657963e-01 2.9932015e-01 1.8124840e-01 6.9573080e-02 2.6945326e-02
    2.4253684e-02 4.6978603e-02 7.7730029e-02 8.5266773e-02 7.8956551e-02
    -1.4944217e-01 -1.4221059e-01 -1.3786844e-01 -1.3958046e-01 -1.3676299e-01
    -1.2113058e-01 -9.6498583e-02 -6.2961121e-02 -2.1867982e-02 3.5559245e-02
    6.7737953e-02 4.8983812e-02 2.2863058e-02 1.1032761e-03 -1.7781689e-02
    -3.6784923e-02 -2.7589852e-02 2.1446972e-02 6.5275624e-02 9.3380635e-02
    1.4843220e-01 2.3841978e-01 3.0983171e-01 3.5900675e-01 3.8822764e-01
    3.9734851e-01 4.0313236e-01 4.0587939e-01 4.1407490e-01 4.2933557e-01
    4.8876757e-01 5.7999436e-01 6.1250518e-01 6.0101012e-01 5.7721609e-01
    5.4528235e-01 5.5176713e-01 5.7275330e-01 5.4425729e-01 4.8096063e-01
    3.8682502e-01 2.7357390e-01 1.6336805e-01 7.0851906e-02 4.4950738e-02
    5.5568858e-02 7.7914788e-02 1.0382459e-01 1.1134992e-01 1.0708690e-01
    -1.1052319e-01 -1.3557696e-01 -1.4424646e-01 -1.3007897e-01 -1.1473486e-01
    -1.2177055e-01 -1.1946607e-01 -8.6223008e-02 -4.8243688e-02 -8.0388198e-03
    3.5011462e-03 -3.6705983e-02 -8.4851108e-02 -1.2991527e-01 -1.6688432e-01
    -1.9729368e-01 -1.9084040e-01 -1.3553547e-01 -7.2720779e-02 -8.9163048e-03
    6.3475426e-02 1.4625028e-01 2.1973332e-01 2.8312831e-01 3.1810957e-01
    3.2387434e-01 3.4081903e-01 3.6837853e-01 3.8953667e-01 4.0787064e-01
    4.7505279e-01 5.7808988e-01 6.3084066e-01 6.4520168e-01 6.3948744e-01
    6.1783306e-01 6.1404365e-01 6.1405900e-01 5.8872726e-01 5.3611371e-01
    4.2056640e-01 2.7865366e-01 1.8181436e-01 1.1763204e-01 9.9768743e-02
    1.1243926e-01 1.4106847e-01 1.7284985e-01 1.8309971e-01 1.7922291e-01
    -1.1679526e-01 -1.3633062e-01 -1.4909537e-01 -1.5460938e-01 -1.5449327e-01
    -1.5122944e-01 -1.3980421e-01 -1.1508898e-01 -8.6520749e-02 -5.0668898e-02
    -3.9923607e-02 -7.5913722e-02 -1.2020586e-01 -1.6556183e-01 -1.9478349e-01
    -2.0226683e-01 -1.8478683e-01 -1.3775802e-01 -8.6077767e-02 -3.3965417e-02
    2.2801997e-02 8.4525674e-02 1.5155088e-01 2.2541265e-01 2.6231374e-01
    2.6062522e-01 2.7747323e-01 3.1198534e-01 3.4017065e-01 3.6524409e-01
    4.2894955e-01 5.2082581e-01 5.7066212e-01 5.8891344e-01 5.9764048e-01
    5.9562942e-01 5.9099444e-01 5.7856152e-01 5.4850785e-01 4.9387102e-01
    3.7056348e-01 2.2406865e-01 1.4970517e-01 1.1697153e-01 1.1344126e-01
    1.2931512e-01 1.4559578e-01 1.5919547e-01 1.5779824e-01 1.4511087e-01
    -1.5244248e-01 -1.4257531e-01 -1.5156088e-01 -1.9357941e-01 -2.2107000e-01
    -1.8547678e-01 -1.4488089e-01 -1.3316835e-01 -1.1864427e-01 -8.2493309e-02
    -6.3108421e-02 -7.9849543e-02 -1.0511362e-01 -1.3778528e-01 -1.4518438e-01
    -1.1146785e-01 -7.6626682e-02 -4.7986346e-02 -2.5304197e-02 -1.0998946e-02
    1.1461464e-02 4.3190940e-02 9.8352118e-02 1.8056967e-01 2.1919269e-01
    2.1173645e-01 2.2310835e-01 2.5262509e-01 2.8528980e-01 3.2208176e-01
    3.7539898e-01 4.3991192e-01 4.7206112e-01 4.8100626e-01 5.0066458e-01
    5.2176607e-01 5.1981291e-01 4.9824715e-01 4.5940101e-01 3.9690490e-01
    2.7395852e-01 1.3623278e-01 8.8246036e-02 8.6654640e-02 9.7840052e-02
    1.1449164e-01 1.0698060e-01 8.9281832e-02 6.9692074e-02 4.5757857e-02
    -1.7853280e-01 -1.5119056e-01 -1.4298190e-01 -1.6863583e-01 -1.7869852e-01
    -1.1843750e-01 -6.3591675e-02 -6.2022426e-02 -6.5824015e-02 -5.3356987e-02
    -5.0170743e-02 -6.7361582e-02 -8.7439597e-02 -1.0958855e-01 -1.1239804e-01
    -8.4025606e-02 -6.0699878e-02 -5.1876038e-02 -3.6641269e-02 -1.1459314e-02
    1.2437702e-02 3.1361573e-02 8.8622332e-02 1.9049548e-01 2.4662504e-01
    2.5399814e-01 2.6712215e-01 2.8628294e-01 3.2891780e-01 3.9185509e-01
    4.4240037e-01 4.8201044e-01 5.0174002e-01 5.0585959e-01 5.1766993e-01
    5.2941753e-01 5.1754188e-01 4.8654526e-01 4.4512447e-01 3.8190837e-01
    2.4495721e-01 9.0140422e-02 4.3793022e-02 4.8629733e-02 5.0238158e-02
    5.1570524e-02 2.8437552e-02 1.8113468e-03 -7.5918376e-03 -5.9491733e-03
    -2.0123994e-01 -1.6534105e-01 -1.3477882e-01 -1.1714991e-01 -8.6852822e-02
    -7.8283773e-03 5.2814605e-02 4.8529207e-02 2.6836456e-02 3.8484072e-03
    -2.1818145e-02 -4.9485652e-02 -7.1644327e-02 -8.4850882e-02 -9.2476760e-02
    -9.4108121e-02 -9.6914416e-02 -1.0695855e-01 -8.6997019e-02 -2.5988664e-02
    1.9745513e-02 3.9706118e-02 1.0601555e-01 2.2697097e-01 3.0593704e-01
    3.3985110e-01 3.5863860e-01 3.6402405e-01 4.1962610e-01 5.1704005e-01
    5.6983834e-01 5.8706080e-01 5.9784640e-01 5.9961717e-01 5.9216334e-01
    5.7469503e-01 5.4325427e-01 4.9974515e-01 4.5743043e-01 3.9778367e-01
    2.4677843e-01 7.1159479e-02 1.5682663e-02 1.3137329e-02 -6.4439198e-03
    -2.7631397e-02 -6.1107398e-02 -8.5864220e-02 -7.5663066e-02 -3.8348196e-02
    -2.2550102e-01 -2.0605229e-01 -1.8209904e-01 -1.5820086e-01 -1.1892788e-01
    -3.7401574e-02 2.7443331e-02 3.6597391e-02 2.0064189e-02 -1.9112058e-02
    -5.9249715e-02 -8.9920251e-02 -1.1303875e-01 -1.2649418e-01 -1.3669593e-01
    -1.4514402e-01 -1.5378382e-01 -1.6851461e-01 -1.4565758e-01 -7.2482552e-02
    -9.4683242e-03 3.4443877e-02 1.0070197e-01 1.9358866e-01 2.6678122e-01
    3.1888840e-01 3.4162820e-01 3.3787643e-01 4.0624940e-01 5.3450172e-01
    5.9725830e-01 6.0853944e-01 6.2081228e-01 6.2661162e-01 6.0740765e-01
    5.6620275e-01 5.0254191e-01 4.2469474e-01 3.7129326e-01 3.2002304e-01
    2.0652214e-01 8.0869563e-02 4.9210659e-02 5.7577084e-02 4.4859570e-02
    2.4604151e-02 -1.0771114e-02 -4.7829551e-02 -7.0141543e-02 -8.2617794e-02
    -2.4411982e-01 -2.4907424e-01 -2.4224815e-01 -2.2617364e-01 -1.9224183e-01
    -1.2222311e-01 -6.0515692e-02 -3.2097055e-02 -3.3618803e-02 -7.7653025e-02
    -1.2371176e-01 -1.5455378e-01 -1.7868661e-01 -1.9634182e-01 -2.0817761e-01
    -2.1407163e-01 -2.1759338e-01 -2.2420598e-01 -1.9568775e-01 -1.2175049e-01
    -4.4504530e-02 3.2772125e-02 9.4775470e-02 1.3927994e-01 1.9116352e-01
    2.5130176e-01 2.7717902e-01 2.7221805e-01 3.5025541e-01 4.9729080e-01
    5.6929291e-01 5.8256589e-01 6.0053709e-01 6.1240088e-01 5.8444946e-01
    5.2227587e-01 4.2415148e-01 3.0656394e-01 2.3487107e-01 1.8828538e-01
    1.3458857e-01 9.1048915e-02 9.3382716e-02 1.1472487e-01 1.1829014e-01
    1.0763494e-01 7.2392240e-02 1.6108532e-02 -6.0354977e-02 -1.5724527e-01
    -2.2349121e-01 -2.1131467e-01 -1.8862386e-01 -1.5209772e-01 -1.1280922e-01
    -7.6703741e-02 -4.9469696e-02 -3.2994158e-02 -3.9560440e-02 -8.4618100e-02
    -1.3118061e-01 -1.6550849e-01 -1.8876388e-01 -1.9674800e-01 -2.0366411e-01
    -2.1643665e-01 -2.1341475e-01 -1.9074716e-01 -1.4553088e-01 -7.4634003e-02
    7.3928350e-04 7.9797443e-02 1.3932162e-01 1.7672523e-01 2.1251095e-01
    2.4726828e-01 2.7699305e-01 3.0298628e-01 3.7343397e-01 4.8024158e-01
    5.3020239e-01 5.3498763e-01 5.4679363e-01 5.5465811e-01 5.1716969e-01
    4.4284979e-01 3.4243791e-01 2.2450771e-01 1.2313649e-01 3.9596309e-02
    2.7082409e-03 -5.2912314e-03 -1.0923805e-02 -1.4267022e-02 -2.4480286e-02
    -4.8184221e-02 -1.0336193e-01 -1.7960613e-01 -2.6902916e-01 -3.7397408e-01
    -1.9920445e-01 -1.5276322e-01 -1.0270286e-01 -4.0378202e-02 5.2281413e-03
    5.6303782e-03 -7.7748776e-03 -1.7912844e-02 -3.8995323e-02 -7.9501021e-02
    -1.2081621e-01 -1.5825730e-01 -1.8189796e-01 -1.8309069e-01 -1.8716043e-01
    -2.0778843e-01 -1.9514584e-01 -1.3427552e-01 -6.5922278e-02 4.8491986e-03
    7.4547581e-02 1.4297030e-01 2.0132980e-01 2.4937714e-01 2.7122227e-01
    2.6609909e-01 2.9643540e-01 3.6057720e-01 4.1654788e-01 4.6434973e-01
    4.8089362e-01 4.7138324e-01 4.7102252e-01 4.6992716e-01 4.2352625e-01
    3.4302661e-01 2.5612129e-01 1.5758124e-01 3.0365311e-02 -9.8036601e-02
    -1.3900857e-01 -1.3890921e-01 -1.7047739e-01 -2.1219426e-01 -2.4938583e-01
    -2.9617134e-01 -3.7731772e-01 -4.7005114e-01 -5.5105650e-01 -6.2728893e-01
    -2.6163527e-01 -2.0238318e-01 -1.4824816e-01 -9.6958573e-02 -5.6071392e-02
    -2.8253269e-02 -2.2652354e-02 -5.3395059e-02 -9.0100425e-02 -1.1681773e-01
    -1.4536098e-01 -1.7845203e-01 -2.1481249e-01 -2.5814094e-01 -2.8886988e-01
    -3.0620444e-01 -2.8068607e-01 -1.9997385e-01 -1.0622101e-01 -3.3410106e-03
    8.8034293e-02 1.6512463e-01 2.2795737e-01 2.7697842e-01 2.9007139e-01
    2.6624381e-01 2.7916229e-01 3.2749275e-01 3.8330292e-01 4.4383117e-01
    4.5236602e-01 4.1924881e-01 4.0576833e-01 3.9845845e-01 3.4428693e-01
    2.5735254e-01 1.7525429e-01 9.0208621e-02 -1.4606805e-02 -1.1980883e-01
    -1.6541794e-01 -1.8339469e-01 -2.2343115e-01 -2.7327270e-01 -3.2996688e-01
    -3.9670973e-01 -4.8485921e-01 -5.7383088e-01 -6.3807775e-01 -6.8523677e-01
    -3.4903227e-01 -2.8320659e-01 -2.3346057e-01 -2.0720056e-01 -1.7946913e-01
    -1.1533758e-01 -7.9653273e-02 -1.2574403e-01 -1.7456102e-01 -1.8549741e-01
    -1.9924703e-01 -2.2398905e-01 -2.7332640e-01 -3.6771844e-01 -4.2859294e-01
    -4.3451300e-01 -3.9426641e-01 -3.0366406e-01 -1.8859411e-01 -4.8263302e-02
    6.8615417e-02 1.5559750e-01 2.2183467e-01 2.6808278e-01 2.7637835e-01
    2.4591159e-01 2.3934744e-01 2.5671630e-01 3.1613976e-01 4.0921190e-01
    4.2090494e-01 3.6873383e-01 3.4314725e-01 3.2803768e-01 2.7001623e-01
    1.8345296e-01 1.0580490e-01 3.2719634e-02 -3.0452298e-02 -8.6144461e-02
    -1.3770584e-01 -1.8551554e-01 -2.2870102e-01 -2.7538678e-01 -3.4524994e-01
    -4.2600943e-01 -5.1053992e-01 -5.8657390e-01 -6.3327457e-01 -6.5688741e-01
    -3.6504635e-01 -2.8049713e-01 -2.2627718e-01 -2.0856215e-01 -2.0666262e-01
    -2.0140078e-01 -2.1122541e-01 -2.5295132e-01 -2.8940117e-01 -2.9716109e-01
    -3.0676372e-01 -3.2484041e-01 -3.6567871e-01 -4.5016411e-01 -4.9694616e-01
    -4.8140248e-01 -4.2826376e-01 -3.3771051e-01 -2.2690660e-01 -9.4068765e-02
    1.2238132e-02 8.5101886e-02 1.4198220e-01 1.8428104e-01 1.9290137e-01
    1.6702747e-01 1.6975091e-01 2.0044912e-01 2.5353167e-01 3.2421464e-01
    3.4002270e-01 3.1108986e-01 2.8320684e-01 2.5079337e-01 2.0408672e-01
    1.4573605e-01 7.9855742e-02 1.2310296e-02 -2.7202459e-02 -5.4134257e-02
    -1.0141200e-01 -1.5752508e-01 -2.0854421e-01 -2.6179177e-01 -3.2786819e-01
    -3.9982289e-01 -4.7269648e-01 -5.4138166e-01 -5.9639630e-01 -6.4058426e-01
    -3.5974405e-01 -2.6077965e-01 -2.0447704e-01 -1.9333896e-01 -2.1915764e-01
    -2.8871222e-01 -3.5742387e-01 -3.9376204e-01 -4.1659268e-01 -4.2736329e-01
    -4.3551852e-01 -4.4276704e-01 -4.6343089e-01 -5.1478366e-01 -5.3094027e-01
    -4.9040806e-01 -4.2345068e-01 -3.3235219e-01 -2.3098473e-01 -1.1799797e-01
    -3.4629846e-02 1.2411168e-02 4.9604435e-02 7.8835913e-02 8.7532208e-02
    7.5158759e-02 9.7161554e-02 1.5191919e-01 1.9663272e-01 2.3215994e-01
    2.5091779e-01 2.5263483e-01 2.2440919e-01 1.7320701e-01 1.3763344e-01
    1.0783885e-01 5.4649081e-02 -7.9864595e-03 -3.7128018e-02 -5.3155315e-02
    -9.7875173e-02 -1.5657023e-01 -2.1420685e-01 -2.7278726e-01 -3.2861868e-01
    -3.8478534e-01 -4.4427884e-01 -5.0801264e-01 -5.7853618e-01 -6.5508315e-01
    -3.8679371e-01 -2.9996468e-01 -2.5744765e-01 -2.6614088e-01 -3.0302338e-01
    -3.5402269e-01 -4.1346033e-01 -4.8096598e-01 -5.3151849e-01 -5.4797339e-01
    -5.4647576e-01 -5.2415367e-01 -5.1590111e-01 -5.4738122e-01 -5.4314088e-01
    -4.7968831e-01 -3.8937556e-01 -2.7343835e-01 -1.5531931e-01 -3.4328043e-02
    3.8626716e-02 5.4496753e-02 5.3196691e-02 3.6024341e-02 3.2584510e-02
    4.3926962e-02 7.7626024e-02 1.3258858e-01 1.7772324e-01 2.1316309e-01
    2.2492934e-01 2.1390312e-01 1.7435501e-01 1.1177003e-01 5.6571021e-02
    4.8149880e-03 -4.2640038e-02 -8.7978160e-02 -1.3700158e-01 -1.9113723e-01
    -2.6237144e-01 -3.3903946e-01 -3.9507779e-01 -4.4322892e-01 -4.9775279e-01
    -5.5466326e-01 -6.1138946e-01 -6.7337385e-01 -7.4758597e-01 -8.3194174e-01
    -4.0911803e-01 -3.5111910e-01 -3.3107769e-01 -3.6035377e-01 -4.0083949e-01
    -4.1313043e-01 -4.4594185e-01 -5.4160881e-01 -6.2047471e-01 -6.4319479e-01
    -6.3363865e-01 -5.8453296e-01 -5.4942631e-01 -5.6044391e-01 -5.3995334e-01
    -4.6666749e-01 -3.5970654e-01 -2.1491882e-01 -7.5956088e-02 5.5666548e-02
    1.2106627e-01 1.0900122e-01 7.1940162e-02 1.0636674e-02 -5.9452620e-03
    2.4728028e-02 6.3378820e-02 1.0969439e-01 1.5343523e-01 1.9269671e-01
    1.9164798e-01 1.5537288e-01 1.0511938e-01 4.0317144e-02 -3.4505724e-02
    -1.1382096e-01 -1.6034610e-01 -1.9286968e-01 -2.6506929e-01 -3.5811548e-01
    -4.4755464e-01 -5.3040680e-01 -5.8103603e-01 -6.1863474e-01 -6.7175245e-01
    -7.3074944e-01 -7.9130812e-01 -8.5488812e-01 -9.2194824e-01 -9.9235530e-01
    -3.9399697e-01 -3.7610329e-01 -3.8215764e-01 -4.2056692e-01 -4.6311629e-01
    -4.7955181e-01 -5.0982911e-01 -5.8795331e-01 -6.5331343e-01 -6.7841917e-01
    -6.7234989e-01 -6.2487390e-01 -5.8195006e-01 -5.6630715e-01 -5.3558631e-01
    -4.8398583e-01 -3.8739306e-01 -2.2980139e-01 -8.5555166e-02 3.8613920e-02
    9.5193522e-02 7.3537046e-02 3.1529210e-02 -2.9310198e-02 -4.8492716e-02
    -2.3745681e-02 7.2547563e-03 4.4115175e-02 7.3477740e-02 9.4106522e-02
    7.6845038e-02 2.7463526e-02 -2.1131922e-02 -7.2798907e-02 -1.3460045e-01
    -2.0192426e-01 -2.5236638e-01 -2.9599091e-01 -3.6217165e-01 -4.3710699e-01
    -4.9277030e-01 -5.3869502e-01 -5.8373204e-01 -6.2770797e-01 -6.7232822e-01
    -7.2203846e-01 -7.9218949e-01 -8.6129050e-01 -9.0410809e-01 -9.2818124e-01
    -3.5117250e-01 -3.8625919e-01 -4.2353368e-01 -4.6326410e-01 -5.0458377e-01
    -5.4926429e-01 -5.8877417e-01 -6.1639665e-01 -6.3908584e-01 -6.6403660e-01
    -6.7003136e-01 -6.4494094e-01 -6.0815192e-01 -5.6129275e-01 -5.2577379e-01
    -5.2185338e-01 -4.5657355e-01 -2.9624340e-01 -1.5642202e-01 -5.1631191e-02
    -3.9274136e-03 -2.1361101e-02 -4.5900235e-02 -7.4326615e-02 -8.9013201e-02
    -8.9201943e-02 -7.6682519e-02 -5.2458739e-02 -4.7125804e-02 -5.9739440e-02
    -9.7328606e-02 -1.5500186e-01 -1.9307943e-01 -2.1812000e-01 -2.4399708e-01
    -2.7324408e-01 -3.3242948e-01 -4.0526574e-01 -4.4594199e-01 -4.6302481e-01
    -4.4597846e-01 -4.2122058e-01 -4.5940325e-01 -5.2159531e-01 -5.5270469e-01
    -5.8553806e-01 -6.7128015e-01 -7.4965288e-01 -7.5302785e-01 -7.0160053e-01
