0 3.000000 -10.000000 0.000000 2914.03
0 6.000000 -20.000000 0.000000 418.937
0 10.000000 -30.000000 0.000000 465.241
0 12.000000 -40.000000 0.000000 385.688
0 13.000000 -50.000000 0.000000 5747.84
0 11.000000 -60.000000 0.000000 327.17
0 4.000000 -70.000000 0.000000 444.901
0 0.000000 -80.000000 0.000000 228.793
0 -2.000000 -90.000000 0.000000 149.566
1 -0.000000 -0.000000 -2.400000 1263.49
1 -0.000000 -0.000000 -2.300000 238.178
1 -0.000000 -0.000000 -2.200000 226.851
1 -0.000000 -0.000000 -2.100000 217.688
1 -0.000000 -0.000000 -2.000000 167.245
0 -3.000000 -79.000000 0.000000 377.51
0 -4.000000 -69.000000 0.000000 368.291
0 -6.000000 -59.000000 0.000000 74.5
0 4.000000 -55.000000 0.000000 551
0 14.000000 -45.000000 0.000000 345.687
0 24.000000 -39.000000 0.000000 169.396
0 0.000000 0.000000 0.000000 5017.36
0 0.000000 0.000000 0.000000 0.197998
0 0.000000 0.000000 0.000000 3437.37
0 0.000000 0.000000 0.000000 0.195068
0 14.000000 -48.000000 0.000000 2301.14
0 7.000000 -58.000000 0.000000 398.794
0 4.000000 -68.000000 0.000000 130.9
0 -6.000000 -70.000000 0.000000 993.006
0 -16.000000 -73.000000 0.000000 232.189
0 -26.000000 -83.000000 0.000000 223.981
0 -16.000000 -93.000000 0.000000 576.632
0 -6.000000 -95.000000 0.000000 297.158
0 4.000000 -95.000000 0.000000 153.248
0 7.000000 -85.000000 0.000000 506.152
0 7.000000 -74.000000 0.000000 19.447
0 9.000000 -64.000000 0.000000 28.668
1 -0.000000 -0.000000 -2.100000 1459.6
1 -0.000000 -0.000000 -2.200000 260.239
1 -0.000000 -0.000000 -2.300000 213.789
1 -0.000000 -0.000000 -2.400000 215.694
1 -0.000000 -0.000000 -2.500000 202.018
0 0.000000 0.000000 0.000000 1666.59
0 0.000000 0.000000 0.000000 1789.47
0 0.000000 0.000000 0.000000 1994.35
0 15.000000 -54.000000 0.000000 2183.82
0 22.000000 -44.000000 0.000000 102.661
0 17.000000 -34.000000 0.000000 1936.16
0 0.000000 0.000000 0.000000 4374.98
0 0.000000 0.000000 0.000000 2138.5
0 0.000000 0.000000 0.000000 0.195068
0 7.000000 -34.000000 0.000000 2663.34
0 7.000000 -24.000000 0.000000 3091.9
0 8.000000 -14.000000 0.000000 66.5559
0 8.000000 -4.000000 0.000000 120.089
1 -0.000000 -0.000000 -2.400000 3129.38
1 -0.000000 -0.000000 -2.300000 308.725
1 -0.000000 -0.000000 -2.200000 206.879
1 -0.000000 -0.000000 -2.100000 174.586
0 16.000000 -14.000000 0.000000 1153.17
0 26.000000 -20.000000 0.000000 257.825
0 37.000000 -26.000000 0.000000 225.655
0 0.000000 0.000000 0.000000 1683.91
0 0.000000 0.000000 0.000000 2952.98
0 0.000000 0.000000 0.000000 0.196045
0 37.000000 -36.000000 0.000000 1916.69
0 36.000000 -46.000000 0.000000 258.309
0 32.000000 -56.000000 0.000000 202.483
0 3.000000 -10.000000 0.000000 2914.03
0 6.000000 -20.000000 0.000000 418.937
0 10.000000 -30.000000 0.000000 465.241
0 12.000000 -40.000000 0.000000 385.688
0 13.000000 -50.000000 0.000000 5747.84
0 11.000000 -60.000000 0.000000 327.17
0 4.000000 -70.000000 0.000000 444.901
0 0.000000 -80.000000 0.000000 228.793
0 -2.000000 -90.000000 0.000000 149.566
1 -0.000000 -0.000000 -2.400000 1263.49
1 -0.000000 -0.000000 -2.300000 238.178
1 -0.000000 -0.000000 -2.200000 226.851
1 -0.000000 -0.000000 -2.100000 217.688
1 -0.000000 -0.000000 -2.000000 167.245
0 -3.000000 -79.000000 0.000000 377.51
0 -4.000000 -69.000000 0.000000 368.291
0 -6.000000 -59.000000 0.000000 74.5
0 4.000000 -55.000000 0.000000 551
0 14.000000 -45.000000 0.000000 345.687
0 24.000000 -39.000000 0.000000 169.396
0 0.000000 0.000000 0.000000 5017.36
0 0.000000 0.000000 0.000000 0.197998
0 0.000000 0.000000 0.000000 3437.37
0 0.000000 0.000000 0.000000 0.195068
0 14.000000 -48.000000 0.000000 2301.14
0 7.000000 -58.000000 0.000000 398.794
0 4.000000 -68.000000 0.000000 130.9
0 -6.000000 -70.000000 0.000000 993.006
0 -16.000000 -73.000000 0.000000 232.189
0 -26.000000 -83.000000 0.000000 223.981
0 -16.000000 -93.000000 0.000000 576.632
0 -6.000000 -95.000000 0.000000 297.158
0 4.000000 -95.000000 0.000000 153.248
0 7.000000 -85.000000 0.000000 506.152
0 7.000000 -74.000000 0.000000 19.447
0 9.000000 -64.000000 0.000000 28.668
1 -0.000000 -0.000000 -2.100000 1459.6
1 -0.000000 -0.000000 -2.200000 260.239
1 -0.000000 -0.000000 -2.300000 213.789
1 -0.000000 -0.000000 -2.400000 215.694
1 -0.000000 -0.000000 -2.500000 202.018
0 0.000000 0.000000 0.000000 1666.59
0 0.000000 0.000000 0.000000 1789.47
0 0.000000 0.000000 0.000000 1994.35
0 15.000000 -54.000000 0.000000 2183.82
0 22.000000 -44.000000 0.000000 102.661
0 17.000000 -34.000000 0.000000 1936.16
0 0.000000 0.000000 0.000000 4374.98
0 0.000000 0.000000 0.000000 2138.5
0 0.000000 0.000000 0.000000 0.195068
0 7.000000 -34.000000 0.000000 2663.34
0 7.000000 -24.000000 0.000000 3091.9
0 8.000000 -14.000000 0.000000 66.5559
0 8.000000 -4.000000 0.000000 120.089
1 -0.000000 -0.000000 -2.400000 3129.38
1 -0.000000 -0.000000 -2.300000 308.725
1 -0.000000 -0.000000 -2.200000 206.879
1 -0.000000 -0.000000 -2.100000 174.586
0 16.000000 -14.000000 0.000000 1153.17
0 26.000000 -20.000000 0.000000 257.825
0 37.000000 -26.000000 0.000000 225.655
0 0.000000 0.000000 0.000000 1683.91
0 0.000000 0.000000 0.000000 2952.98
0 0.000000 0.000000 0.000000 0.196045
0 37.000000 -36.000000 0.000000 1916.69
0 36.000000 -46.000000 0.000000 258.309
0 32.000000 -56.000000 0.000000 202.483
0 3.000000 -10.000000 0.000000 2914.03
0 6.000000 -20.000000 0.000000 418.937
0 10.000000 -30.000000 0.000000 465.241
0 12.000000 -40.000000 0.000000 385.688
0 13.000000 -50.000000 0.000000 5747.84
0 11.000000 -60.000000 0.000000 327.17
0 4.000000 -70.000000 0.000000 444.901
0 0.000000 -80.000000 0.000000 228.793
0 -2.000000 -90.000000 0.000000 149.566
1 -0.000000 -0.000000 -2.400000 1263.49
1 -0.000000 -0.000000 -2.300000 238.178
1 -0.000000 -0.000000 -2.200000 226.851
1 -0.000000 -0.000000 -2.100000 217.688
1 -0.000000 -0.000000 -2.000000 167.245
0 -3.000000 -79.000000 0.000000 377.51
0 -4.000000 -69.000000 0.000000 368.291
0 -6.000000 -59.000000 0.000000 74.5
0 4.000000 -55.000000 0.000000 551
0 14.000000 -45.000000 0.000000 345.687
0 24.000000 -39.000000 0.000000 169.396
0 0.000000 0.000000 0.000000 5017.36
0 0.000000 0.000000 0.000000 0.197998
0 0.000000 0.000000 0.000000 3437.37
0 0.000000 0.000000 0.000000 0.195068
0 14.000000 -48.000000 0.000000 2301.14
0 7.000000 -58.000000 0.000000 398.794
0 4.000000 -68.000000 0.000000 130.9
0 -6.000000 -70.000000 0.000000 993.006
0 -16.000000 -73.000000 0.000000 232.189
0 -26.000000 -83.000000 0.000000 223.981
0 -16.000000 -93.000000 0.000000 576.632
0 -6.000000 -95.000000 0.000000 297.158
0 4.000000 -95.000000 0.000000 153.248
0 7.000000 -85.000000 0.000000 506.152
0 7.000000 -74.000000 0.000000 19.447
0 9.000000 -64.000000 0.000000 28.668
1 -0.000000 -0.000000 -2.100000 1459.6
1 -0.000000 -0.000000 -2.200000 260.239
1 -0.000000 -0.000000 -2.300000 213.789
1 -0.000000 -0.000000 -2.400000 215.694
1 -0.000000 -0.000000 -2.500000 202.018
0 0.000000 0.000000 0.000000 1666.59
0 0.000000 0.000000 0.000000 1789.47
0 0.000000 0.000000 0.000000 1994.35
0 15.000000 -54.000000 0.000000 2183.82
0 22.000000 -44.000000 0.000000 102.661
0 17.000000 -34.000000 0.000000 1936.16
0 0.000000 0.000000 0.000000 4374.98
0 0.000000 0.000000 0.000000 2138.5
0 0.000000 0.000000 0.000000 0.195068
0 7.000000 -34.000000 0.000000 2663.34
0 7.000000 -24.000000 0.000000 3091.9
0 8.000000 -14.000000 0.000000 66.5559
0 8.000000 -4.000000 0.000000 120.089
1 -0.000000 -0.000000 -2.400000 3129.38
1 -0.000000 -0.000000 -2.300000 308.725
1 -0.000000 -0.000000 -2.200000 206.879
1 -0.000000 -0.000000 -2.100000 174.586
0 16.000000 -14.000000 0.000000 1153.17
0 26.000000 -20.000000 0.000000 257.825
0 37.000000 -26.000000 0.000000 225.655
0 0.000000 0.000000 0.000000 1683.91
0 0.000000 0.000000 0.000000 2952.98
0 0.000000 0.000000 0.000000 0.196045
0 37.000000 -36.000000 0.000000 1916.69
0 36.000000 -46.000000 0.000000 258.309
0 32.000000 -56.000000 0.000000 202.483
0 3.000000 -10.000000 0.000000 2914.03
0 6.000000 -20.000000 0.000000 418.937
0 10.000000 -30.000000 0.000000 465.241
0 12.000000 -40.000000 0.000000 385.688
0 13.000000 -50.000000 0.000000 5747.84
0 11.000000 -60.000000 0.000000 327.17
0 4.000000 -70.000000 0.000000 444.901
0 0.000000 -80.000000 0.000000 228.793
0 -2.000000 -90.000000 0.000000 149.566
1 -0.000000 -0.000000 -2.400000 1263.49
1 -0.000000 -0.000000 -2.300000 238.178
1 -0.000000 -0.000000 -2.200000 226.851
1 -0.000000 -0.000000 -2.100000 217.688
1 -0.000000 -0.000000 -2.000000 167.245
0 -3.000000 -79.000000 0.000000 377.51
0 -4.000000 -69.000000 0.000000 368.291
0 -6.000000 -59.000000 0.000000 74.5
0 4.000000 -55.000000 0.000000 551
0 14.000000 -45.000000 0.000000 345.687
0 24.000000 -39.000000 0.000000 169.396
0 0.000000 0.000000 0.000000 5017.36
0 0.000000 0.000000 0.000000 0.197998
0 0.000000 0.000000 0.000000 3437.37
0 0.000000 0.000000 0.000000 0.195068
0 14.000000 -48.000000 0.000000 2301.14
0 7.000000 -58.000000 0.000000 398.794
0 4.000000 -68.000000 0.000000 130.9
0 -6.000000 -70.000000 0.000000 993.006
0 -16.000000 -73.000000 0.000000 232.189
0 -26.000000 -83.000000 0.000000 223.981
0 -16.000000 -93.000000 0.000000 576.632
0 -6.000000 -95.000000 0.000000 297.158
0 4.000000 -95.000000 0.000000 153.248
0 7.000000 -85.000000 0.000000 506.152
0 7.000000 -74.000000 0.000000 19.447
0 9.000000 -64.000000 0.000000 28.668
1 -0.000000 -0.000000 -2.100000 1459.6
1 -0.000000 -0.000000 -2.200000 260.239
1 -0.000000 -0.000000 -2.300000 213.789
1 -0.000000 -0.000000 -2.400000 215.694
1 -0.000000 -0.000000 -2.500000 202.018
0 0.000000 0.000000 0.000000 1666.59
0 0.000000 0.000000 0.000000 1789.47
0 0.000000 0.000000 0.000000 1994.35
0 15.000000 -54.000000 0.000000 2183.82
0 22.000000 -44.000000 0.000000 102.661
0 17.000000 -34.000000 0.000000 1936.16
0 0.000000 0.000000 0.000000 4374.98
0 0.000000 0.000000 0.000000 2138.5
0 0.000000 0.000000 0.000000 0.195068
0 7.000000 -34.000000 0.000000 2663.34
0 7.000000 -24.000000 0.000000 3091.9
0 8.000000 -14.000000 0.000000 66.5559
0 8.000000 -4.000000 0.000000 120.089
1 -0.000000 -0.000000 -2.400000 3129.38
1 -0.000000 -0.000000 -2.300000 308.725
1 -0.000000 -0.000000 -2.200000 206.879
1 -0.000000 -0.000000 -2.100000 174.586
0 16.000000 -14.000000 0.000000 1153.17
0 26.000000 -20.000000 0.000000 257.825
0 37.000000 -26.000000 0.000000 225.655
0 0.000000 0.000000 0.000000 1683.91
0 0.000000 0.000000 0.000000 2952.98
0 0.000000 0.000000 0.000000 0.196045
0 37.000000 -36.000000 0.000000 1916.69
0 36.000000 -46.000000 0.000000 258.309
0 32.000000 -56.000000 0.000000 202.483
0 3.000000 -10.000000 0.000000 2914.03
0 6.000000 -20.000000 0.000000 418.937
0 10.000000 -30.000000 0.000000 465.241
0 12.000000 -40.000000 0.000000 385.688
0 13.000000 -50.000000 0.000000 5747.84
0 11.000000 -60.000000 0.000000 327.17
0 4.000000 -70.000000 0.000000 444.901
0 0.000000 -80.000000 0.000000 228.793
0 -2.000000 -90.000000 0.000000 149.566
1 -0.000000 -0.000000 -2.400000 1263.49
1 -0.000000 -0.000000 -2.300000 238.178
1 -0.000000 -0.000000 -2.200000 226.851
1 -0.000000 -0.000000 -2.100000 217.688
1 -0.000000 -0.000000 -2.000000 167.245
0 -3.000000 -79.000000 0.000000 377.51
0 -4.000000 -69.000000 0.000000 368.291
0 -6.000000 -59.000000 0.000000 74.5
0 4.000000 -55.000000 0.000000 551
0 14.000000 -45.000000 0.000000 345.687
0 24.000000 -39.000000 0.000000 169.396
0 0.000000 0.000000 0.000000 5017.36
0 0.000000 0.000000 0.000000 0.197998
0 0.000000 0.000000 0.000000 3437.37
0 0.000000 0.000000 0.000000 0.195068
0 14.000000 -48.000000 0.000000 2301.14
0 7.000000 -58.000000 0.000000 398.794
0 4.000000 -68.000000 0.000000 130.9
0 -6.000000 -70.000000 0.000000 993.006
0 -16.000000 -73.000000 0.000000 232.189
0 -26.000000 -83.000000 0.000000 223.981
0 -16.000000 -93.000000 0.000000 576.632
0 -6.000000 -95.000000 0.000000 297.158
